# s  E(k)=eps-mu  kx  ky
0 -2.724051816875739 0 0
0.01208304866765305 -2.723964217902472 0.01208304866765305 0
0.0241660973353061 -2.72370143377197 0.0241660973353061 0
0.03624914600295916 -2.723263502850268 0.03624914600295916 0
0.04833219467061221 -2.72265048907453 0.04833219467061221 0
0.06041524333826526 -2.721862481943719 0.06041524333826526 0
0.07249829200591831 -2.720899596505528 0.07249829200591831 0
0.08458134067357136 -2.719761973339582 0.08458134067357136 0
0.09666438934122441 -2.718449778536917 0.09666438934122441 0
0.1087474380088775 -2.716963203675729 0.1087474380088775 0
0.1208304866765305 -2.715302465793403 0.1208304866765305 0
0.1329135353441836 -2.71346780735483 0.1329135353441836 0
0.1449965840118366 -2.711459496217 0.1449965840118366 0
0.1570796326794897 -2.709277825589904 0.1570796326794897 0
0.1691626813471427 -2.70692311399372 0.1691626813471427 0
0.1812457300147958 -2.704395705212311 0.1812457300147958 0
0.1933287786824488 -2.701695968243035 0.1933287786824488 0
0.2054118273501019 -2.698824297242869 0.2054118273501019 0
0.2174948760177549 -2.695781111470865 0.2174948760177549 0
0.229577924685408 -2.692566855226939 0.229577924685408 0
0.241660973353061 -2.689181997787001 0.241660973353061 0
0.2537440220207141 -2.685627033334446 0.2537440220207141 0
0.2658270706883671 -2.681902480888001 0.2658270706883671 0
0.2779101193560202 -2.678008884225948 0.2779101193560202 0
0.2899931680236733 -2.673946811806738 0.2899931680236733 0
0.3020762166913263 -2.669716856685993 0.3020762166913263 0
0.3141592653589793 -2.665319636429923 0.3141592653589793 0
0.3262423140266324 -2.660755793025159 0.3262423140266324 0
0.3383253626942854 -2.65602599278503 0.3383253626942854 0
0.3504084113619385 -2.651130926252277 0.3504084113619385 0
0.3624914600295915 -2.646071308098237 0.3624914600295915 0
0.3745745086972446 -2.640847877018501 0.3745745086972446 0
0.3866575573648977 -2.63546139562507 0.3866575573648977 0
0.3987406060325506 -2.62991265033501 0.3987406060325506 0
0.4108236547002037 -2.624202451255638 0.4108236547002037 0
0.4229067033678567 -2.618331632066247 0.4229067033678567 0
0.4349897520355098 -2.612301049896393 0.4349897520355098 0
0.4470728007031629 -2.606111585200754 0.4470728007031629 0
0.4591558493708159 -2.599764141630583 0.4591558493708159 0
0.471238898038469 -2.59325964590178 0.471238898038469 0
0.4833219467061221 -2.58659904765959 0.4833219467061221 0
0.495404995373775 -2.57978331933996 0.495404995373775 0
0.5074880440414281 -2.57281345602756 0.5074880440414281 0
0.5195710927090812 -2.565690475310507 0.5195710927090812 0
0.5316541413767343 -2.558415417131798 0.5316541413767343 0
0.5437371900443873 -2.550989343637476 0.5437371900443873 0
0.5558202387120403 -2.543413339021564 0.5558202387120403 0
0.5679032873796933 -2.535688509367772 0.5679032873796933 0
0.5799863360473465 -2.52781598248801 0.5799863360473465 0
0.5920693847149995 -2.519796907757732 0.5920693847149995 0
0.6041524333826526 -2.511632455948126 0.6041524333826526 0
0.6162354820503055 -2.503323819055184 0.6162354820503055 0
0.6283185307179586 -2.494872210125676 0.6283185307179586 0
0.6404015793856117 -2.486278863080041 0.6404015793856117 0
0.6524846280532648 -2.477545032532244 0.6524846280532648 0
0.6645676767209178 -2.468671993606598 0.6645676767209178 0
0.6766507253885709 -2.459661041751605 0.6766507253885709 0
0.6887337740562238 -2.450513492550815 0.6887337740562238 0
0.700816822723877 -2.441230681530756 0.700816822723877 0
0.71289987139153 -2.431813963965955 0.71289987139153 0
0.7249829200591831 -2.42226471468106 0.7249829200591831 0
0.7370659687268361 -2.412584327850127 0.7370659687268361 0
0.7491490173944891 -2.402774216793067 0.7491490173944891 0
0.7612320660621422 -2.392835813769308 0.7612320660621422 0
0.7733151147297953 -2.382770569768684 0.7733151147297953 0
0.7853981633974483 -2.372579954299595 0.7853981633974483 0
0.7974812120651013 -2.362265455174463 0.7974812120651013 0
0.8095642607327543 -2.351828578292507 0.8095642607327543 0
0.8216473094004074 -2.341270847419895 0.8216473094004074 0
0.8337303580680605 -2.330593803967266 0.8337303580680605 0
0.8458134067357135 -2.319799006764693 0.8458134067357135 0
0.8578964554033665 -2.308888031834096 0.8578964554033665 0
0.8699795040710196 -2.297862472159143 0.8699795040710196 0
0.8820625527386727 -2.286723937452681 0.8820625527386727 0
0.8941456014063257 -2.275474053921715 0.8941456014063257 0
0.9062286500739787 -2.264114464029991 0.9062286500739787 0
0.9183116987416319 -2.252646826258192 0.9183116987416319 0
0.9303947474092849 -2.241072814861811 0.9303947474092849 0
0.9424777960769379 -2.229394119626706 0.9424777960769379 0
0.9545608447445909 -2.217612445622397 0.9545608447445909 0
0.9666438934122441 -2.205729512953125 0.9666438934122441 0
0.9787269420798971 -2.193747056506728 0.9787269420798971 0
0.9908099907475501 -2.181666825701343 0.9908099907475501 0
1.002893039415203 -2.169490584229993 1.002893039415203 0
1.014976088082856 -2.157220109803098 1.014976088082856 0
1.027059136750509 -2.144857193888927 1.027059136750509 0
1.039142185418162 -2.132403641452047 1.039142185418162 0
1.051225234085815 -2.119861270689804 1.051225234085815 0
1.063308282753469 -2.107231912766866 1.063308282753469 0
1.075391331421121 -2.094517411547878 1.075391331421121 0
1.087474380088775 -2.081719623328261 1.087474380088775 0
1.099557428756428 -2.068840416563195 1.099557428756428 0
1.111640477424081 -2.055881671594828 1.111640477424081 0
1.123723526091734 -2.042845280377751 1.123723526091734 0
1.135806574759387 -2.029733146202774 1.135806574759387 0
1.14788962342704 -2.016547183419047 1.14788962342704 0
1.159972672094693 -2.003289317154573 1.159972672094693 0
1.172055720762346 -1.98996148303514 1.172055720762346 0
1.184138769429999 -1.976565626901723 1.184138769429999 0
1.196221818097652 -1.963103704526393 1.196221818097652 0
1.208304866765305 -1.949577681326781 1.208304866765305 0
1.220387915432958 -1.935989532079129 1.220387915432958 0
1.232470964100611 -1.922341240629973 1.232470964100611 0
1.244554012768264 -1.90863479960651 1.244554012768264 0
1.256637061435917 -1.894872210125675 1.256637061435917 0
1.26872011010357 -1.881055481501982 1.26872011010357 0
1.280803158771223 -1.867186630954166 1.280803158771223 0
1.292886207438876 -1.853267683310674 1.292886207438876 0
1.30496925610653 -1.839300670714043 1.30496925610653 0
1.317052304774182 -1.825287632324213 1.317052304774182 0
1.329135353441836 -1.811230614020808 1.329135353441836 0
1.341218402109489 -1.797131668104447 1.341218402109489 0
1.353301450777142 -1.782992852997106 1.353301450777142 0
1.365384499444795 -1.768816232941597 1.365384499444795 0
1.377467548112448 -1.754603877700189 1.377467548112448 0
1.389550596780101 -1.740357862252426 1.389550596780101 0
1.401633645447754 -1.726080266492184 1.401633645447754 0
1.413716694115407 -1.711773174924016 1.413716694115407 0
1.42579974278306 -1.697438676358804 1.42579974278306 0
1.437882791450713 -1.683078863608812 1.437882791450713 0
1.449965840118366 -1.668695833182126 1.449965840118366 0
1.462048888786019 -1.654291684976578 1.462048888786019 0
1.474131937453672 -1.639868521973157 1.474131937453672 0
1.486214986121325 -1.625428449928979 1.486214986121325 0
1.498298034788978 -1.610973577069854 1.498298034788978 0
1.510381083456631 -1.596506013782482 1.510381083456631 0
1.522464132124284 -1.582027872306347 1.522464132124284 0
1.534547180791937 -1.567541266425329 1.534547180791937 0
1.546630229459591 -1.553048311159098 1.546630229459591 0
1.558713278127243 -1.53855112245432 1.558713278127243 0
1.570796326794897 -1.524051816875739 1.570796326794897 0
1.58287937546255 -1.509552511297158 1.58287937546255 0
1.594962424130203 -1.49505532259238 1.594962424130203 0
1.607045472797856 -1.480562367326149 1.607045472797856 0
1.619128521465509 -1.466075761445131 1.619128521465509 0
1.631211570133162 -1.451597619968995 1.631211570133162 0
1.643294618800815 -1.437130056681624 1.643294618800815 0
1.655377667468468 -1.422675183822498 1.655377667468468 0
1.667460716136121 -1.408235111778321 1.667460716136121 0
1.679543764803774 -1.393811948774899 1.679543764803774 0
1.691626813471427 -1.379407800569351 1.691626813471427 0
1.70370986213908 -1.365024770142666 1.70370986213908 0
1.715792910806733 -1.350664957392674 1.715792910806733 0
1.727875959474386 -1.336330458827462 1.727875959474386 0
1.739959008142039 -1.322023367259292 1.739959008142039 0
1.752042056809692 -1.307745771499052 1.752042056809692 0
1.764125105477345 -1.293499756051288 1.764125105477345 0
1.776208154144998 -1.27928740080988 1.776208154144998 0
1.788291202812651 -1.265110780754371 1.788291202812651 0
1.800374251480304 -1.250971965647031 1.800374251480304 0
1.812457300147957 -1.23687301973067 1.812457300147957 0
1.824540348815611 -1.222816001427265 1.824540348815611 0
1.836623397483264 -1.208802963037435 1.836623397483264 0
1.848706446150917 -1.194835950440804 1.848706446150917 0
1.86078949481857 -1.180917002797312 1.86078949481857 0
1.872872543486223 -1.167048152249496 1.872872543486223 0
1.884955592153876 -1.153231423625802 1.884955592153876 0
1.897038640821529 -1.139468834144967 1.897038640821529 0
1.909121689489182 -1.125762393121505 1.909121689489182 0
1.921204738156835 -1.112114101672349 1.921204738156835 0
1.933287786824488 -1.098525952424696 1.933287786824488 0
1.945370835492141 -1.084999929225084 1.945370835492141 0
1.957453884159794 -1.071538006849754 1.957453884159794 0
1.969536932827447 -1.058142150716337 1.969536932827447 0
1.9816199814951 -1.044814316596904 1.9816199814951 0
1.993703030162753 -1.031556450332431 1.993703030162753 0
2.005786078830406 -1.018370487548704 2.005786078830406 0
2.01786912749806 -1.005258353373726 2.01786912749806 0
2.029952176165712 -0.9922219621566494 2.029952176165712 0
2.042035224833366 -0.9792632171882826 2.042035224833366 0
2.054118273501019 -0.9663840104232165 2.054118273501019 0
2.066201322168672 -0.9535862222035995 2.066201322168672 0
2.078284370836325 -0.9408717209846115 2.078284370836325 0
2.090367419503977 -0.9282423630616737 2.090367419503977 0
2.102450468171631 -0.9156999922994308 2.102450468171631 0
2.114533516839284 -0.9032464398625505 2.114533516839284 0
2.126616565506937 -0.8908835239483793 2.126616565506937 0
2.13869961417459 -0.8786130495214844 2.13869961417459 0
2.150782662842243 -0.8664368080501351 2.150782662842243 0
2.162865711509896 -0.8543565772447489 2.162865711509896 0
2.174948760177549 -0.8423741207983518 2.174948760177549 0
2.187031808845202 -0.830491188129081 2.187031808845202 0
2.199114857512855 -0.8187095141247712 2.199114857512855 0
2.211197906180508 -0.8070308188896661 2.211197906180508 0
2.223280954848161 -0.7954568074932854 2.223280954848161 0
2.235364003515814 -0.783989169721487 2.235364003515814 0
2.247447052183468 -0.7726295798297623 2.247447052183468 0
2.259530100851121 -0.7613796962987963 2.259530100851121 0
2.271613149518773 -0.7502411615923342 2.271613149518773 0
2.283696198186426 -0.7392156019173818 2.283696198186426 0
2.295779246854079 -0.7283046269867849 2.295779246854079 0
2.307862295521733 -0.7175098297842114 2.307862295521733 0
2.319945344189386 -0.7068327863315821 2.319945344189386 0
2.332028392857039 -0.6962750554589695 2.332028392857039 0
2.344111441524692 -0.6858381785770146 2.344111441524692 0
2.356194490192345 -0.6755236794518819 2.356194490192345 0
2.368277538859998 -0.6653330639827936 2.368277538859998 0
2.380360587527651 -0.6552678199821697 2.380360587527651 0
2.392443636195304 -0.6453294169584108 2.392443636195304 0
2.404526684862957 -0.6355193059013512 2.404526684862957 0
2.41660973353061 -0.6258389190704173 2.41660973353061 0
2.428692782198263 -0.6162896697855224 2.428692782198263 0
2.440775830865916 -0.6068729522207207 2.440775830865916 0
2.452858879533569 -0.5975901412006629 2.452858879533569 0
2.464941928201222 -0.588442591999872 2.464941928201222 0
2.477024976868875 -0.5794316401448786 2.477024976868875 0
2.489108025536528 -0.5705586012192337 2.489108025536528 0
2.501191074204181 -0.5618247706714367 2.501191074204181 0
2.513274122871834 -0.5532314236258019 2.513274122871834 0
2.525357171539488 -0.5447798146962931 2.525357171539488 0
2.537440220207141 -0.5364711778033512 2.537440220207141 0
2.549523268874794 -0.5283067259937447 2.549523268874794 0
2.561606317542447 -0.5202876512634668 2.561606317542447 0
2.573689366210099 -0.5124151243837057 2.573689366210099 0
2.585772414877753 -0.5046902947299138 2.585772414877753 0
2.597855463545406 -0.4971142901140019 2.597855463545406 0
2.609938512213059 -0.4896882166196797 2.609938512213059 0
2.622021560880712 -0.4824131584409699 2.622021560880712 0
2.634104609548365 -0.4752901777239174 2.634104609548365 0
2.646187658216018 -0.4683203144115176 2.646187658216018 0
2.658270706883671 -0.461504586091887 2.658270706883671 0
2.670353755551324 -0.4548439878496975 2.670353755551324 0
2.682436804218977 -0.4483394921208943 2.682436804218977 0
2.69451985288663 -0.4419920485507237 2.69451985288663 0
2.706602901554283 -0.4358025838550843 2.706602901554283 0
2.718685950221936 -0.4297720016852308 2.718685950221936 0
2.73076899888959 -0.42390118249584 2.73076899888959 0
2.742852047557243 -0.4181909834164672 2.742852047557243 0
2.754935096224895 -0.4126422381264072 2.754935096224895 0
2.767018144892548 -0.4072557567329763 2.767018144892548 0
2.779101193560201 -0.4020323256532411 2.779101193560201 0
2.791184242227855 -0.3969727074992005 2.791184242227855 0
2.803267290895508 -0.392077640966447 2.803267290895508 0
2.815350339563161 -0.387347840726318 2.815350339563161 0
2.827433388230814 -0.3827839973215545 2.827433388230814 0
2.839516436898467 -0.3783867770654841 2.839516436898467 0
2.85159948556612 -0.3741568219447393 2.85159948556612 0
2.863682534233773 -0.3700947495255297 2.863682534233773 0
2.875765582901426 -0.3662011528634772 2.875765582901426 0
2.887848631569079 -0.3624766004170316 2.887848631569079 0
2.899931680236732 -0.3589216359644763 2.899931680236732 0
2.912014728904385 -0.3555367785245386 2.912014728904385 0
2.924097777572038 -0.3523225222806122 2.924097777572038 0
2.936180826239691 -0.3492793365086087 2.936180826239691 0
2.948263874907344 -0.3464076655084427 2.948263874907344 0
2.960346923574997 -0.3437079285391665 2.960346923574997 0
2.97242997224265 -0.3411805197577579 2.97242997224265 0
2.984513020910303 -0.3388258081615736 2.984513020910303 0
2.996596069577957 -0.3366441375344774 2.996596069577957 0
3.00867911824561 -0.3346358263966479 3.00867911824561 0
3.020762166913263 -0.332801167958074 3.020762166913263 0
3.032845215580916 -0.3311404300757486 3.032845215580916 0
3.044928264248569 -0.3296538552145605 3.044928264248569 0
3.057011312916222 -0.3283416604118956 3.057011312916222 0
3.069094361583875 -0.3272040372459496 3.069094361583875 0
3.081177410251528 -0.3262411518077578 3.081177410251528 0
3.093260458919181 -0.3254531446769469 3.093260458919181 0
3.105343507586834 -0.3248401309012093 3.105343507586834 0
3.117426556254487 -0.3244021999795073 3.117426556254487 0
3.12950960492214 -0.324139415849006 3.12950960492214 0
3.141592653589793 -0.3240518168757388 3.141592653589793 0
3.153675702257446 -0.3238474192714488 3.141592653589793 0.01208304866765305
3.165758750925099 -0.323234256300279 3.141592653589793 0.0241660973353061
3.177841799592752 -0.3222124174829742 3.141592653589794 0.03624914600295916
3.189924848260405 -0.3207820520062534 3.141592653589794 0.04833219467061221
3.202007896928059 -0.3189433687010278 3.141592653589793 0.06041524333826526
3.214090945595712 -0.316696636011914 3.141592653589793 0.07249829200591831
3.226173994263365 -0.31404218195804 3.141592653589793 0.08458134067357136
3.238257042931018 -0.310980394085155 3.141592653589793 0.09666438934122441
3.250340091598671 -0.3075117194090493 3.141592653589793 0.1087474380088775
3.262423140266324 -0.3036366643502899 3.141592653589793 0.1208304866765305
3.274506188933977 -0.2993557946602844 3.141592653589793 0.1329135353441836
3.28658923760163 -0.2946697353386819 3.141592653589793 0.1449965840118366
3.298672286269283 -0.2895791705421246 3.141592653589793 0.1570796326794897
3.310755334936936 -0.2840848434843614 3.141592653589793 0.1691626813471427
3.322838383604589 -0.2781875563277409 3.141592653589793 0.1812457300147958
3.334921432272242 -0.2718881700660964 3.141592653589793 0.1933287786824488
3.347004480939896 -0.2651876043990428 3.141592653589793 0.2054118273501019
3.359087529607549 -0.2580868375977007 3.141592653589794 0.2174948760177549
3.371170578275202 -0.2505869063618725 3.141592653589794 0.229577924685408
3.383253626942855 -0.2426889056686844 3.141592653589793 0.241660973353061
3.395336675610508 -0.2343939886127228 3.141592653589793 0.2537440220207141
3.407419724278161 -0.2257033662376829 3.141592653589793 0.2658270706883671
3.419502772945814 -0.2166183073595601 3.141592653589793 0.2779101193560202
3.431585821613467 -0.2071401383814042 3.141592653589793 0.2899931680236733
3.44366887028112 -0.1972702430996665 3.141592653589793 0.3020762166913263
3.455751918948773 -0.1870100625021687 3.141592653589793 0.3141592653589793
3.467834967616426 -0.1763610945577208 3.141592653589793 0.3262423140266324
3.479918016284079 -0.1653248939974193 3.141592653589793 0.3383253626942854
3.492001064951733 -0.1539030720876614 3.141592653589793 0.3504084113619385
3.504084113619386 -0.1420972963949003 3.141592653589793 0.3624914600295915
3.516167162287039 -0.1299092905421848 3.141592653589793 0.3745745086972446
3.528250210954692 -0.1173408339575129 3.141592653589793 0.3866575573648977
3.540333259622345 -0.1043937616140391 3.141592653589793 0.3987406060325506
3.552416308289998 -0.09106996376216958 3.141592653589793 0.4108236547002037
3.564499356957651 -0.07737138565359103 3.141592653589793 0.4229067033678567
3.576582405625304 -0.06330002725726591 3.141592653589793 0.4349897520355098
3.588665454292957 -0.04885794296744139 3.141592653589793 0.4470728007031629
3.60074850296061 -0.0340472413037094 3.141592653589793 0.4591558493708159
3.612831551628263 -0.01887008460316897 3.141592653589793 0.471238898038469
3.624914600295917 -0.003328688704726579 3.141592653589793 0.4833219467061221
3.63699764896357 0.0125746773744112 3.141592653589793 0.495404995373775
3.649080697631223 0.02883769177001072 3.141592653589793 0.5074880440414281
3.661163746298876 0.04545798010980062 3.141592653589794 0.5195710927090812
3.673246794966529 0.06243311586012357 3.141592653589793 0.5316541413767343
3.685329843634182 0.07976062068020817 3.141592653589793 0.5437371900443873
3.697412892301835 0.09743796478400213 3.141592653589793 0.5558202387120403
3.709495940969488 0.1154625673095163 3.141592653589793 0.5679032873796933
3.721578989637141 0.1338317966956263 3.141592653589793 0.5799863360473465
3.733662038304794 0.152542971066275 3.141592653589793 0.5920693847149995
3.745745086972447 0.1715933586220234 3.141592653589793 0.6041524333826526
3.7578281356401 0.1909801780388876 3.141592653589793 0.6162354820503055
3.769911184307754 0.2107005988744083 3.141592653589793 0.6283185307179586
3.781994232975407 0.2307517419808897 3.141592653589793 0.6404015793856117
3.79407728164306 0.2511306799257492 3.141592653589793 0.6524846280532648
3.806160330310713 0.2718344374189207 3.141592653589793 0.6645676767209178
3.818243378978366 0.2928599917472385 3.141592653589793 0.6766507253885709
3.830326427646019 0.3142042732157501 3.141592653589793 0.6887337740562238
3.842409476313672 0.3358641655958859 3.141592653589794 0.700816822723877
3.854492524981325 0.3578365065804233 3.141592653589793 0.71289987139153
3.866575573648978 0.3801180882451782 3.141592653589793 0.7249829200591831
3.878658622316631 0.4027056575173559 3.141592653589793 0.7370659687268361
3.890741670984284 0.4255959166504952 3.141592653589793 0.7491490173944891
3.902824719651937 0.4487855237059332 3.141592653589793 0.7612320660621422
3.914907768319591 0.4722710930407225 3.141592653589793 0.7733151147297953
3.926990816987244 0.496049195801928 3.141592653589793 0.7853981633974483
3.939073865654897 0.5201163604272374 3.141592653589793 0.7974812120651013
3.95115691432255 0.5444690731517995 3.141592653589793 0.8095642607327543
3.963239962990203 0.5691037785212292 3.141592653589794 0.8216473094004074
3.975323011657856 0.594016879910698 3.141592653589794 0.8337303580680605
3.987406060325509 0.6192047400500343 3.141592653589793 0.8458134067357135
3.999489108993162 0.6446636815547606 3.141592653589793 0.8578964554033665
4.011572157660815 0.6703899874629835 3.141592653589793 0.8699795040710196
4.023655206328469 0.6963799017780625 3.141592653589793 0.8820625527386727
4.035738254996121 0.7226296300169829 3.141592653589793 0.8941456014063257
4.047821303663774 0.7491353397643403 3.141592653589793 0.9062286500739787
4.059904352331428 0.7758931612318699 3.141592653589793 0.9183116987416319
4.07198740099908 0.8028991878234248 3.141592653589793 0.9303947474092849
4.084070449666733 0.8301494767053365 3.141592653589793 0.9424777960769379
4.096153498334385 0.8576400493820592 3.141592653589793 0.9545608447445909
4.108236547002039 0.8853668922770249 3.141592653589793 0.9666438934122441
4.120319595669692 0.9133259573186175 3.141592653589793 0.9787269420798971
4.132402644337344 0.9415131625311849 3.141592653589793 0.9908099907475501
4.144485693004997 0.9699243926310012 3.141592653589793 1.002893039415203
4.15656874167265 0.9985554996270894 3.141592653589793 1.014976088082856
4.168651790340304 1.027402303426822 3.141592653589793 1.027059136750509
4.180734839007958 1.056460592446208 3.141592653589793 1.039142185418162
4.19281788767561 1.085726124224775 3.141592653589793 1.051225234085815
4.204900936343264 1.115194626044965 3.141592653589793 1.063308282753469
4.216983985010916 1.144861795555936 3.141592653589793 1.075391331421121
4.22906703367857 1.174723301401709 3.141592653589793 1.087474380088775
4.241150082346223 1.20477478385353 3.141592653589793 1.099557428756428
4.253233131013877 1.235011855446385 3.141592653589793 1.111640477424081
4.26531617968153 1.265430101619565 3.141592653589793 1.123723526091734
4.277399228349183 1.296025081361179 3.141592653589793 1.135806574759387
4.289482277016836 1.326792327856542 3.141592653589793 1.14788962342704
4.301565325684489 1.357727349140314 3.141592653589793 1.159972672094693
4.313648374352142 1.388825628752323 3.141592653589793 1.172055720762346
4.325731423019795 1.420082626396964 3.141592653589793 1.184138769429999
4.337814471687447 1.451493778606066 3.141592653589793 1.196221818097652
4.349897520355101 1.483054499405162 3.141592653589793 1.208304866765305
4.361980569022753 1.514760180983018 3.141592653589793 1.220387915432958
4.374063617690406 1.546606194364381 3.141592653589793 1.232470964100611
4.386146666358059 1.578587890085794 3.141592653589793 1.244554012768264
4.398229715025712 1.610700598874408 3.141592653589793 1.256637061435917
4.410312763693366 1.642939632329693 3.141592653589793 1.26872011010357
4.422395812361019 1.675300283607931 3.141592653589793 1.280803158771223
4.434478861028672 1.707777828109413 3.141592653589793 1.292886207438876
4.446561909696325 1.740367524168218 3.141592653589793 1.30496925610653
4.458644958363978 1.773064613744488 3.141592653589793 1.317052304774182
4.470728007031632 1.8058643231191 3.141592653589793 1.329135353441836
4.482811055699285 1.838761863590609 3.141592653589793 1.341218402109489
4.494894104366939 1.871752432174404 3.141592653589793 1.353301450777142
4.506977153034592 1.904831212303925 3.141592653589793 1.365384499444795
4.519060201702245 1.937993374533877 3.141592653589793 1.377467548112448
4.531143250369897 1.971234077245325 3.141592653589793 1.389550596780101
4.543226299037551 2.004548467352554 3.141592653589793 1.401633645447754
4.555309347705204 2.037931681011615 3.141592653589793 1.413716694115407
4.567392396372856 2.071378844330441 3.141592653589793 1.42579974278306
4.579475445040509 2.104885074080424 3.141592653589793 1.437882791450713
4.591558493708162 2.138445478409357 3.141592653589793 1.449965840118366
4.603641542375815 2.172055157555635 3.141592653589793 1.462048888786019
4.615724591043468 2.205709204563619 3.141592653589793 1.474131937453672
4.62780763971112 2.239402706000033 3.141592653589793 1.486214986121325
4.639890688378774 2.273130742671326 3.141592653589793 1.498298034788978
4.651973737046427 2.30688839034186 3.141592653589793 1.510381083456631
4.664056785714081 2.340670720452842 3.141592653589793 1.522464132124284
4.676139834381734 2.374472800841883 3.141592653589793 1.534547180791937
4.688222883049387 2.408289696463091 3.141592653589793 1.546630229459591
4.70030593171704 2.442116470107572 3.141592653589793 1.558713278127243
4.712388980384693 2.475948183124261 3.141592653589793 1.570796326794897
4.724472029052347 2.50977989614095 3.141592653589793 1.58287937546255
4.736555077719999 2.543606669785431 3.141592653589793 1.594962424130203
4.748638126387652 2.577423565406639 3.141592653589793 1.607045472797856
4.760721175055306 2.611225645795681 3.141592653589793 1.619128521465509
4.772804223722959 2.645007975906662 3.141592653589793 1.631211570133162
4.784887272390612 2.678765623577196 3.141592653589793 1.643294618800815
4.796970321058264 2.712493660248489 3.141592653589793 1.655377667468468
4.809053369725918 2.746187161684904 3.141592653589793 1.667460716136121
4.821136418393571 2.779841208692887 3.141592653589793 1.679543764803774
4.833219467061223 2.813450887839165 3.141592653589793 1.691626813471427
4.845302515728877 2.847011292168098 3.141592653589793 1.70370986213908
4.857385564396529 2.88051752191808 3.141592653589793 1.715792910806733
4.869468613064183 2.913964685236908 3.141592653589793 1.727875959474386
4.881551661731836 2.947347898895969 3.141592653589793 1.739959008142039
4.893634710399489 2.980662289003197 3.141592653589793 1.752042056809692
4.905717759067143 3.013902991714645 3.141592653589793 1.764125105477345
4.917800807734795 3.047065153944597 3.141592653589793 1.776208154144998
4.929883856402448 3.080143934074118 3.141592653589793 1.788291202812651
4.941966905070101 3.113134502657913 3.141592653589793 1.800374251480304
4.954049953737754 3.146032043129423 3.141592653589793 1.812457300147957
4.966133002405408 3.178831752504034 3.141592653589793 1.824540348815611
4.97821605107306 3.211528842080305 3.141592653589793 1.836623397483264
4.990299099740714 3.24411853813911 3.141592653589793 1.848706446150917
5.002382148408366 3.276596082640591 3.141592653589793 1.86078949481857
5.014465197076019 3.308956733918829 3.141592653589793 1.872872543486223
5.026548245743673 3.341195767374114 3.141592653589793 1.884955592153876
5.038631294411325 3.373308476162728 3.141592653589793 1.897038640821529
5.050714343078978 3.40529017188414 3.141592653589793 1.909121689489182
5.062797391746631 3.437136185265505 3.141592653589793 1.921204738156835
5.074880440414285 3.468841866843361 3.141592653589793 1.933287786824488
5.086963489081938 3.500402587642456 3.141592653589793 1.945370835492141
5.099046537749591 3.531813739851558 3.141592653589793 1.957453884159794
5.111129586417244 3.563070737496199 3.141592653589793 1.969536932827447
5.123212635084896 3.594169017108208 3.141592653589793 1.9816199814951
5.135295683752549 3.62510403839198 3.141592653589793 1.993703030162753
5.147378732420202 3.655871284887342 3.141592653589793 2.005786078830406
5.159461781087856 3.686466264628959 3.141592653589793 2.01786912749806
5.171544829755509 3.716884510802137 3.141592653589793 2.029952176165712
5.183627878423161 3.747121582394992 3.141592653589793 2.042035224833366
5.195710927090815 3.777173064846813 3.141592653589793 2.054118273501019
5.207793975758468 3.807034570692586 3.141592653589793 2.066201322168672
5.219877024426122 3.836701740203558 3.141592653589793 2.078284370836325
5.231960073093775 3.866170242023747 3.141592653589793 2.090367419503977
5.244043121761427 3.895435773802314 3.141592653589793 2.102450468171631
5.256126170429081 3.9244940628217 3.141592653589793 2.114533516839284
5.268209219096734 3.953340866621434 3.141592653589793 2.126616565506937
5.280292267764388 3.981971973617521 3.141592653589793 2.13869961417459
5.29237531643204 4.010383203717336 3.141592653589793 2.150782662842243
5.304458365099693 4.038570408929904 3.141592653589793 2.162865711509896
5.316541413767347 4.066529473971497 3.141592653589793 2.174948760177549
5.328624462435 4.094256316866463 3.141592653589793 2.187031808845202
5.340707511102654 4.121746889543186 3.141592653589793 2.199114857512855
5.352790559770307 4.148997178425097 3.141592653589793 2.211197906180508
5.364873608437961 4.176003205016653 3.141592653589793 2.223280954848161
5.376956657105614 4.202761026484182 3.141592653589793 2.235364003515814
5.389039705773268 4.22926673623154 3.141592653589793 2.247447052183468
5.401122754440921 4.25551646447046 3.141592653589793 2.259530100851121
5.413205803108574 4.281506378785538 3.141592653589793 2.271613149518773
5.425288851776227 4.30723268469376 3.141592653589793 2.283696198186426
5.43737190044388 4.332691626198487 3.141592653589793 2.295779246854079
5.449454949111534 4.357879486337825 3.141592653589793 2.307862295521733
5.461537997779187 4.382792587727294 3.141592653589793 2.319945344189386
5.47362104644684 4.407427293096722 3.141592653589793 2.332028392857039
5.485704095114492 4.431780005821285 3.141592653589793 2.344111441524692
5.497787143782146 4.455847170446594 3.141592653589793 2.356194490192345
5.509870192449799 4.4796252732078 3.141592653589793 2.368277538859998
5.521953241117453 4.503110842542589 3.141592653589793 2.380360587527651
5.534036289785106 4.526300449598026 3.141592653589793 2.392443636195304
5.546119338452758 4.549190708731166 3.141592653589793 2.404526684862957
5.558202387120412 4.571778278003345 3.141592653589793 2.41660973353061
5.570285435788065 4.594059859668099 3.141592653589793 2.428692782198263
5.582368484455719 4.616032200652636 3.141592653589793 2.440775830865916
5.594451533123372 4.637692093032772 3.141592653589793 2.452858879533569
5.606534581791024 4.659036374501284 3.141592653589793 2.464941928201222
5.618617630458678 4.680061928829602 3.141592653589793 2.477024976868875
5.630700679126331 4.700765686322772 3.141592653589793 2.489108025536528
5.642783727793985 4.721144624267633 3.141592653589793 2.501191074204181
5.654866776461638 4.741195767374114 3.141592653589793 2.513274122871834
5.666949825129292 4.760916188209634 3.141592653589793 2.525357171539488
5.679032873796945 4.780303007626499 3.141592653589793 2.537440220207141
5.691115922464599 4.799353395182248 3.141592653589793 2.549523268874794
5.703198971132252 4.818064569552896 3.141592653589793 2.561606317542447
5.715282019799905 4.836433798939005 3.141592653589793 2.573689366210099
5.727365068467558 4.85445840146452 3.141592653589793 2.585772414877753
5.739448117135211 4.872135745568315 3.141592653589793 2.597855463545406
5.751531165802865 4.889463250388399 3.141592653589793 2.609938512213059
5.763614214470518 4.906438386138722 3.141592653589793 2.622021560880712
5.775697263138171 4.923058674478511 3.141592653589793 2.634104609548365
5.787780311805824 4.939321688874111 3.141592653589793 2.646187658216018
5.799863360473477 4.955225054953249 3.141592653589793 2.658270706883671
5.811946409141131 4.970766450851691 3.141592653589793 2.670353755551324
5.824029457808784 4.985943607552231 3.141592653589793 2.682436804218977
5.836112506476437 5.000754309215964 3.141592653589793 2.69451985288663
5.84819555514409 5.015196393505788 3.141592653589793 2.706602901554283
5.860278603811743 5.029267751902114 3.141592653589793 2.718685950221936
5.872361652479396 5.042966330010692 3.141592653589793 2.73076899888959
5.88444470114705 5.056290127862562 3.141592653589793 2.742852047557243
5.896527749814703 5.069237200206035 3.141592653589793 2.754935096224895
5.908610798482355 5.081805656790706 3.141592653589793 2.767018144892548
5.920693847150009 5.093993662643422 3.141592653589793 2.779101193560201
5.932776895817662 5.105799438336184 3.141592653589793 2.791184242227855
5.944859944485316 5.117221260245942 3.141592653589793 2.803267290895508
5.956942993152968 5.128257460806243 3.141592653589793 2.815350339563161
5.969026041820621 5.138906428750691 3.141592653589793 2.827433388230814
5.981109090488275 5.149166609348189 3.141592653589793 2.839516436898467
5.993192139155928 5.159036504629927 3.141592653589793 2.85159948556612
6.005275187823582 5.168514673608083 3.141592653589793 2.863682534233773
6.017358236491234 5.177599732486205 3.141592653589793 2.875765582901426
6.029441285158887 5.186290354861245 3.141592653589793 2.887848631569079
6.041524333826541 5.194585271917207 3.141592653589793 2.899931680236732
6.053607382494194 5.202483272610396 3.141592653589793 2.912014728904385
6.065690431161848 5.209983203846223 3.141592653589793 2.924097777572038
6.0777734798295 5.217083970647565 3.141592653589793 2.936180826239691
6.089856528497153 5.223784536314619 3.141592653589793 2.948263874907344
6.101939577164806 5.230083922576263 3.141592653589793 2.960346923574997
6.11402262583246 5.235981209732884 3.141592653589793 2.97242997224265
6.126105674500113 5.241475536790647 3.141592653589793 2.984513020910303
6.138188723167767 5.246566101587204 3.141592653589793 2.996596069577957
6.150271771835421 5.251252160908807 3.141592653589793 3.00867911824561
6.162354820503074 5.255533030598812 3.141592653589793 3.020762166913263
6.174437869170728 5.259408085657572 3.141592653589793 3.032845215580916
6.186520917838381 5.262876760333677 3.141592653589793 3.044928264248569
6.198603966506034 5.265938548206562 3.141592653589793 3.057011312916222
6.210687015173686 5.268593002260436 3.141592653589793 3.069094361583875
6.22277006384134 5.270839734949551 3.141592653589793 3.081177410251528
6.234853112508993 5.272678418254776 3.141592653589793 3.093260458919181
6.246936161176647 5.274108783731497 3.141592653589793 3.105343507586834
6.2590192098443 5.275130622548802 3.141592653589793 3.117426556254487
6.271102258511952 5.275743785519971 3.141592653589793 3.12950960492214
6.283185307179606 5.275948183124261 3.141592653589793 3.141592653589793
6.300273318480215 5.275539392178781 3.12950960492214 3.12950960492214
6.317361329780825 5.274313130177964 3.117426556254487 3.117426556254487
6.334449341081434 5.272269729582622 3.105343507586834 3.105343507586834
6.351537352382043 5.269409744340628 3.093260458919181 3.093260458919181
6.368625363682653 5.265733949656753 3.081177410251528 3.081177410251528
6.385713374983262 5.261243341670646 3.069094361583875 3.069094361583875
6.402801386283872 5.255939137043065 3.057011312916222 3.057011312916222
6.41988939758448 5.249822772450621 3.044928264248569 3.044928264248569
6.43697740888509 5.242895903989271 3.032845215580916 3.032845215580916
6.4540654201857 5.235160406486898 3.020762166913263 3.020762166913263
6.471153431486309 5.226618372725318 3.00867911824561 3.00867911824561
6.488241442786919 5.217272112572132 2.996596069577957 2.996596069577957
6.505329454087528 5.207124152022873 2.984513020910303 2.984513020910303
6.522417465388138 5.196177232153962 2.97242997224265 2.97242997224265
6.539505476688747 5.184434307987001 2.960346923574997 2.960346923574997
6.556593487989357 5.171898547265026 2.948263874907344 2.948263874907344
6.573681499289966 5.158573329141328 2.936180826239691 2.936180826239691
6.590769510590575 5.144462242781568 2.924097777572038 2.924097777572038
6.607857521891185 5.129569085879877 2.912014728904385 2.912014728904385
6.624945533191794 5.113897863089753 2.899931680236732 2.899931680236732
6.642033544492404 5.097452784370559 2.887848631569079 2.887848631569079
6.659121555793013 5.080238263250486 2.875765582901426 2.875765582901426
6.676209567093622 5.0622589150069 2.863682534233773 2.863682534233773
6.693297578394231 5.043519554765017 2.85159948556612 2.85159948556612
6.710385589694841 5.024025195515907 2.839516436898467 2.839516436898467
6.727473600995451 5.003781046054854 2.827433388230814 2.827433388230814
6.74456161229606 4.982792508841166 2.815350339563161 2.815350339563161
6.76164962359667 4.961065177780522 2.803267290895508 2.803267290895508
6.778737634897279 4.938604835931061 2.791184242227855 2.791184242227855
6.795825646197889 4.915417453134361 2.779101193560201 2.779101193560201
6.812913657498498 4.891509183572579 2.767018144892548 2.767018144892548
6.830001668799108 4.866886363253015 2.754935096224895 2.754935096224895
6.847089680099717 4.841555507421408 2.742852047557243 2.742852047557243
6.864177691400326 4.81552330790531 2.73076899888959 2.73076899888959
6.881265702700936 4.78879663038894 2.718685950221936 2.718685950221936
6.898353714001545 4.761382511620911 2.706602901554283 2.706602901554283
6.915441725302155 4.733288156556304 2.69451985288663 2.69451985288663
6.932529736602764 4.704520935434561 2.682436804218977 2.682436804218977
6.949617747903374 4.675088380794722 2.670353755551324 2.670353755551324
6.966705759203983 4.644998184429562 2.658270706883671 2.658270706883671
6.983793770504593 4.6142581942802 2.646187658216018 2.646187658216018
7.000881781805202 4.582876411272786 2.634104609548365 2.634104609548365
7.017969793105811 4.550860986098927 2.622021560880712 2.622021560880712
7.035057804406421 4.5182202159415 2.609938512213059 2.609938512213059
7.05214581570703 4.484962541147558 2.597855463545406 2.597855463545406
7.06923382700764 4.451096541850041 2.585772414877753 2.585772414877753
7.086321838308249 4.416630934540049 2.573689366210099 2.573689366210099
7.103409849608858 4.381574568591446 2.561606317542447 2.561606317542447
7.120497860909468 4.34593642273957 2.549523268874794 2.549523268874794
7.137585872210077 4.3097256015159 2.537440220207141 2.537440220207141
7.154673883510687 4.272951331640492 2.525357171539488 2.525357171539488
7.171761894811296 4.235622958374029 2.513274122871834 2.513274122871834
7.188849906111906 4.19774994183141 2.501191074204181 2.501191074204181
7.205937917412515 4.159341853258712 2.489108025536528 2.489108025536528
7.223025928713125 4.120408371275484 2.477024976868875 2.477024976868875
7.240113940013734 4.080959278084273 2.464941928201222 2.464941928201222
7.257201951314344 4.041004455649331 2.452858879533569 2.452858879533569
7.274289962614953 4.000553881846471 2.440775830865916 2.440775830865916
7.291377973915562 3.959617626586005 2.428692782198263 2.428692782198263
7.308465985216172 3.918205847910794 2.41660973353061 2.41660973353061
7.325553996516781 3.876328788071359 2.404526684862957 2.404526684862957
7.342642007817391 3.833996769580059 2.392443636195304 2.392443636195304
7.359730019118 3.791220191246361 2.380360587527651 2.380360587527651
7.376818030418609 3.748009524195198 2.368277538859998 2.368277538859998
7.393906041719219 3.704375307870451 2.356194490192345 2.356194490192345
7.410994053019828 3.660328146025556 2.344111441524692 2.344111441524692
7.428082064320438 3.615878702703289 2.332028392857039 2.332028392857039
7.445170075621046 3.571037698206746 2.319945344189386 2.319945344189386
7.462258086921656 3.525815905063546 2.307862295521733 2.307862295521733
7.479346098222265 3.480224143985313 2.29577924685408 2.29577924685408
7.496434109522875 3.434273279824431 2.283696198186427 2.283696198186427
7.513522120823485 3.387974217530127 2.271613149518773 2.271613149518773
7.530610132124093 3.341337898105919 2.259530100851121 2.259530100851121
7.547698143424703 3.294375294570393 2.247447052183468 2.247447052183468
7.564786154725312 3.247097407923411 2.235364003515814 2.235364003515814
7.581874166025922 3.199515263119669 2.223280954848161 2.223280954848161
7.598962177326531 3.151639905051695 2.211197906180508 2.211197906180508
7.61605018862714 3.103482394544174 2.199114857512855 2.199114857512855
7.63313819992775 3.05505380436171 2.187031808845202 2.187031808845202
7.650226211228359 3.00636521523187 2.174948760177549 2.174948760177549
7.667314222528969 2.957427711885566 2.162865711509896 2.162865711509896
7.684402233829578 2.908252379116662 2.150782662842243 2.150782662842243
7.701490245130187 2.858850297862764 2.13869961417459 2.13869961417459
7.718578256430797 2.809232541309096 2.126616565506937 2.126616565506937
7.735666267731406 2.759410171017382 2.114533516839284 2.114533516839284
7.752754279032016 2.709394233081581 2.102450468171631 2.102450468171631
7.769842290332625 2.659195754312377 2.090367419503978 2.090367419503978
7.786930301633235 2.608825738452233 2.078284370836325 2.078284370836325
7.804018312933844 2.558295162422858 2.066201322168672 2.066201322168672
7.821106324234454 2.507614972606873 2.054118273501019 2.054118273501019
7.838194335535063 2.456796081165459 2.042035224833366 2.042035224833366
7.855282346835673 2.405849362393742 2.029952176165712 2.029952176165712
7.872370358136282 2.354785649115644 2.017869127498059 2.017869127498059
7.889458369436892 2.303615729119909 2.005786078830406 2.005786078830406
7.906546380737502 2.252350341638969 1.993703030162753 1.993703030162753
7.923634392038111 2.201000173872324 1.9816199814951 1.9816199814951
7.94072240333872 2.149575857556026 1.969536932827447 1.969536932827447
7.957810414639329 2.098087965579894 1.957453884159794 1.957453884159794
7.974898425939938 2.046547008654001 1.945370835492141 1.945370835492141
7.991986437240548 1.994963432025964 1.933287786824488 1.933287786824488
8.009074448541156 1.943347612250555 1.921204738156835 1.921204738156835
8.026162459841766 1.891709854013087 1.909121689489182 1.909121689489182
8.043250471142375 1.840060387007999 1.897038640821529 1.897038640821529
8.060338482442985 1.788409362874072 1.884955592153876 1.884955592153876
8.077426493743594 1.73676685218761 1.872872543486223 1.872872543486223
8.094514505044204 1.685142841514927 1.86078949481857 1.86078949481857
8.111602516344814 1.633547230525436 1.848706446150917 1.848706446150917
8.128690527645423 1.581989829166588 1.836623397483264 1.836623397483264
8.145778538946033 1.5304803549019 1.82454034881561 1.82454034881561
8.162866550246642 1.479028430013207 1.812457300147957 1.812457300147957
8.179954561547252 1.427643578968339 1.800374251480304 1.800374251480304
8.197042572847861 1.376335225855267 1.788291202812651 1.788291202812651
8.214130584148471 1.325112691883823 1.776208154144998 1.776208154144998
8.23121859544908 1.273985192955984 1.764125105477345 1.764125105477345
8.24830660674969 1.222961837305718 1.752042056809692 1.752042056809692
8.2653946180503 1.172051623209318 1.739959008142039 1.739959008142039
8.282482629350909 1.121263436767124 1.727875959474386 1.727875959474386
8.299570640651519 1.070606049757481 1.715792910806733 1.715792910806733
8.316658651952128 1.020088117563751 1.70370986213908 1.70370986213908
8.333746663252738 0.969718177175132 1.691626813471427 1.691626813471427
8.350834674553347 0.919504645262017 1.679543764803774 1.679543764803774
8.367922685853957 0.8694558163265562 1.667460716136121 1.667460716136121
8.385010697154566 0.8195798609290688 1.655377667468468 1.655377667468468
8.402098708455176 0.769884823990889 1.643294618800815 1.643294618800815
8.419186719755785 0.7203786231741824 1.631211570133162 1.631211570133162
8.436274731056395 0.6710690473392295 1.619128521465509 1.619128521465509
8.453362742357005 0.6219637550796331 1.607045472797856 1.607045472797856
8.470450753657614 0.5730702733358589 1.594962424130203 1.594962424130203
8.487538764958224 0.5243959960874535 1.58287937546255 1.58287937546255
8.504626776258833 0.475948183124261 1.570796326794897 1.570796326794897
8.521714787559443 0.4277339588969142 1.558713278127243 1.558713278127243
8.538802798860052 0.3797603114468018 1.546630229459591 1.546630229459591
8.555890810160662 0.3320340914156961 1.534547180791938 1.534547180791938
8.572978821461271 0.2845620111351736 1.522464132124284 1.522464132124284
8.590066832761881 0.2373506437958945 1.510381083456631 1.510381083456631
8.607154844062491 0.1904064226967912 1.498298034788978 1.498298034788978
8.6242428553631 0.1437356405741325 1.486214986121325 1.486214986121325
8.64133086666371 0.09734444901043493 1.474131937453672 1.474131937453672
8.658418877964319 0.05123885792308724 1.462048888786019 1.462048888786019
8.675506889264929 0.005424735132548375 1.449965840118366 1.449965840118366
8.692594900565538 -0.04009219399006891 1.437882791450713 1.437882791450713
8.709682911866148 -0.08530634679628979 1.42579974278306 1.42579974278306
8.726770923166757 -0.1302122835547247 1.413716694115407 1.413716694115407
8.743858934467367 -0.1748047075669905 1.401633645447754 1.401633645447754
8.760946945767977 -0.2190784652055281 1.389550596780101 1.389550596780101
8.778034957068586 -0.2630285458736835 1.377467548112448 1.377467548112448
8.795122968369196 -0.3066500818885665 1.365384499444795 1.365384499444795
8.812210979669805 -0.3499383482871815 1.353301450777142 1.353301450777142
8.829298990970415 -0.3928887625563804 1.341218402109489 1.341218402109489
8.846387002271024 -0.4354968842872533 1.329135353441836 1.329135353441836
8.863475013571634 -0.4777584147545929 1.317052304774182 1.317052304774182
8.880563024872243 -0.5196691964221067 1.304969256106529 1.304969256106529
8.897651036172853 -0.5612252123741305 1.292886207438876 1.292886207438876
8.914739047473462 -0.6024225856745865 1.280803158771223 1.280803158771223
8.931827058774072 -0.6432575786540132 1.26872011010357 1.26872011010357
8.948915070074682 -0.6837265921255075 1.256637061435917 1.256637061435917
8.966003081375291 -0.7238261645304785 1.244554012768264 1.244554012768264
8.983091092675901 -0.7635529710151411 1.232470964100611 1.232470964100611
9.00017910397651 -0.8029038224387118 1.220387915432958 1.220387915432958
9.01726711527712 -0.8418756643143223 1.208304866765305 1.208304866765305
9.034355126577729 -0.8804655756836975 1.196221818097652 1.196221818097652
9.051443137878339 -0.9186707679266691 1.184138769429999 1.184138769429999
9.068531149178948 -0.9564885835066536 1.172055720762346 1.172055720762346
9.085619160479558 -0.9939164946532394 1.159972672094693 1.159972672094693
9.102707171780168 -1.030952101983084 1.14788962342704 1.14788962342704
9.119795183080777 -1.067593133060323 1.135806574759387 1.135806574759387
9.136883194381387 -1.103837440897774 1.123723526091734 1.123723526091734
9.153971205681996 -1.139683002400189 1.11164047742408 1.11164047742408
9.171059216982606 -1.175127916750915 1.099557428756428 1.099557428756428
9.188147228283215 -1.210170403743275 1.087474380088775 1.087474380088775
9.205235239583825 -1.244808802058071 1.075391331421121 1.075391331421121
9.222323250884434 -1.279041567488616 1.063308282753469 1.063308282753469
9.239411262185044 -1.312867271114726 1.051225234085815 1.051225234085815
9.256499273485653 -1.346284597427143 1.039142185418162 1.039142185418162
9.273587284786263 -1.379292342403874 1.027059136750509 1.027059136750509
9.290675296086873 -1.411889411539966 1.014976088082856 1.014976088082856
9.307763307387482 -1.444074817832265 1.002893039415203 1.002893039415203
9.324851318688092 -1.475847679720697 0.9908099907475501 0.9908099907475501
9.341939329988701 -1.507207218987701 0.9787269420798971 0.9787269420798971
9.359027341289311 -1.538152758617376 0.9666438934122441 0.9666438934122441
9.37611535258992 -1.56868372061601 0.9545608447445911 0.9545608447445911
9.39320336389053 -1.59879962379561 0.942477796076938 0.942477796076938
9.410291375191139 -1.628500081522124 0.9303947474092847 0.9303947474092847
9.427379386491749 -1.657784799430019 0.9183116987416318 0.9183116987416318
9.444467397792359 -1.686653573104934 0.9062286500739787 0.9062286500739787
9.461555409092968 -1.715106285736116 0.8941456014063257 0.8941456014063257
9.478643420393578 -1.743142905740363 0.8820625527386727 0.8820625527386727
9.495731431694187 -1.770763484359236 0.8699795040710196 0.8699795040710196
9.512819442994797 -1.797968153231284 0.8578964554033667 0.8578964554033667
9.529907454295406 -1.824757121941048 0.8458134067357137 0.8458134067357137
9.546995465596016 -1.851130675546636 0.8337303580680603 0.8337303580680603
9.564083476896625 -1.877089172087632 0.8216473094004073 0.8216473094004073
9.581171488197235 -1.902633040075172 0.8095642607327543 0.8095642607327543
9.598259499497845 -1.92776277596594 0.7974812120651013 0.7974812120651013
9.615347510798454 -1.952478941621929 0.7853981633974483 0.7853981633974483
9.632435522099064 -1.97678216175777 0.7733151147297953 0.7733151147297953
9.649523533399673 -2.000673121377433 0.7612320660621422 0.7612320660621422
9.666611544700283 -2.024152563202128 0.7491490173944892 0.7491490173944892
9.683699556000892 -2.047221285091226 0.7370659687268363 0.7370659687268363
9.700787567301502 -2.069880137458014 0.7249829200591829 0.7249829200591829
9.717875578602111 -2.092130020682105 0.7128998713915299 0.7128998713915299
9.734963589902721 -2.113971882520316 0.7008168227238769 0.7008168227238769
9.75205160120333 -2.135406715517842 0.6887337740562238 0.6887337740562238
9.76913961250394 -2.156435554421506 0.6766507253885709 0.6766507253885709
9.78622762380455 -2.177059473596916 0.6645676767209179 0.6645676767209179
9.803315635105159 -2.197279584451321 0.6524846280532648 0.6524846280532648
9.820403646405769 -2.217097032863937 0.6404015793856118 0.6404015793856118
9.837491657706378 -2.236512996625549 0.6283185307179585 0.6283185307179585
9.854579669006988 -2.255528682889147 0.6162354820503054 0.6162354820503054
9.871667680307597 -2.27414532563335 0.6041524333826525 0.6041524333826525
9.888755691608207 -2.292364183140391 0.5920693847149995 0.5920693847149995
9.905843702908816 -2.310186535490367 0.5799863360473465 0.5799863360473465
9.922931714209426 -2.327613682073505 0.5679032873796934 0.5679032873796934
9.940019725510036 -2.344646939122126 0.5558202387120404 0.5558202387120404
9.957107736810645 -2.361287637264021 0.5437371900443875 0.5437371900443875
9.974195748111255 -2.377537119098893 0.5316541413767341 0.5316541413767341
9.991283759411864 -2.393396736799532 0.5195710927090811 0.5195710927090811
10.00837177071247 -2.408867849739357 0.5074880440414281 0.5074880440414281
10.02545978201308 -2.423951822147942 0.495404995373775 0.495404995373775
10.04254779331369 -2.438650020796116 0.4833219467061221 0.4833219467061221
10.0596358046143 -2.452963812712221 0.471238898038469 0.471238898038469
10.07672381591491 -2.466894562931069 0.459155849370816 0.459155849370816
10.09381182721552 -2.480443632277131 0.447072800703163 0.447072800703163
10.11089983851613 -2.493612375183452 0.4349897520355097 0.4349897520355097
10.12798784981674 -2.506402137547781 0.4229067033678567 0.4229067033678567
10.14507586111735 -2.518814254627349 0.4108236547002037 0.4108236547002037
10.16216387241796 -2.530850048973736 0.3987406060325506 0.3987406060325506
10.17925188371857 -2.542510828409196 0.3866575573648977 0.3866575573648977
10.19633989501918 -2.553797884045838 0.3745745086972446 0.3745745086972446
10.21342790631979 -2.564712488348957 0.3624914600295916 0.3624914600295916
10.2305159176204 -2.57525589324586 0.3504084113619386 0.3504084113619386
10.24760392892101 -2.585429328281422 0.3383253626942853 0.3383253626942853
10.26469194022162 -2.59523399882164 0.3262423140266322 0.3262423140266322
10.28177995152223 -2.604671084306374 0.3141592653589793 0.3141592653589793
10.29886796282284 -2.613741736552458 0.3020762166913262 0.3020762166913262
10.31595597412345 -2.622447078108313 0.2899931680236733 0.2899931680236733
10.33304398542406 -2.63078820066116 0.2779101193560202 0.2779101193560202
10.35013199672466 -2.638766163497925 0.2658270706883672 0.2658270706883672
10.36722000802527 -2.646381992020823 0.2537440220207142 0.2537440220207142
10.38430801932588 -2.653636676318663 0.2416609733530609 0.2416609733530609
10.40139603062649 -2.660531169794791 0.2295779246854078 0.2295779246854078
10.4184840419271 -2.667066387852609 0.2174948760177548 0.2174948760177548
10.43557205322771 -2.67324320663954 0.2054118273501018 0.2054118273501018
10.45266006452832 -2.679062461850282 0.1933287786824488 0.1933287786824488
10.46974807582893 -2.684524947590147 0.1812457300147958 0.1812457300147958
10.48683608712954 -2.689631415299245 0.1691626813471428 0.1691626813471428
10.50392409843015 -2.694382572738228 0.1570796326794898 0.1570796326794898
10.52101210973076 -2.698779083036277 0.1449965840118364 0.1449965840118364
10.53810012103137 -2.702821563801955 0.1329135353441834 0.1329135353441834
10.55518813233198 -2.706510586297534 0.1208304866765304 0.1208304866765304
10.57227614363259 -2.709846674677331 0.1087474380088774 0.1087474380088774
10.5893641549332 -2.712830305290568 0.09666438934122441 0.09666438934122441
10.60645216623381 -2.715461906049223 0.0845813406735714 0.0845813406735714
10.62354017753442 -2.717741855861282 0.0724982920059184 0.0724982920059184
10.64062818883503 -2.719670484129787 0.06041524333826539 0.06041524333826539
10.65771620013564 -2.721248070317986 0.04833219467061203 0.04833219467061203
10.67480421143625 -2.722474843580907 0.03624914600295902 0.03624914600295902
10.69189222273686 -2.72335098246358 0.02416609733530602 0.02416609733530602
10.70898023403747 -2.723876614666104 0.01208304866765301 0.01208304866765301
10.72606824533807 -2.724051816875739 0 0
