# E  DOS(E)   (Gaussian eta=0.02)
-3.319985378349004 2.629395090879567e-10
-3.313113025337108 2.05963279079357e-09
-3.306240672325213 1.438168667550725e-08
-3.299368319313318 8.955081509921647e-08
-3.292495966301423 4.974489029390834e-07
-3.285623613289528 2.466367668766048e-06
-3.278751260277633 1.092063238465013e-05
-3.271878907265737 4.321326339756538e-05
-3.265006554253842 0.0001529413652193758
-3.258134201241947 0.0004846265923166741
-3.251261848230052 0.001376565050681997
-3.244389495218157 0.003510349616117834
-3.237517142206261 0.008051641737608917
-3.230644789194366 0.01665024319882711
-3.223772436182471 0.03113470736808773
-3.216900083170576 0.05284226855829734
-3.210027730158681 0.08178660313582527
-3.203155377146786 0.116124554754528
-3.19628302413489 0.1523710935058121
-3.189410671122995 0.1864182406210193
-3.1825383181111 0.2148821482958371
-3.175665965099205 0.2360690007785718
-3.16879361208731 0.2501211445401156
-3.161921259075414 0.2584412781670409
-3.155048906063519 0.2628594133939157
-3.148176553051624 0.2649892838905221
-3.141304200039729 0.2659523675323152
-3.134431847027834 0.2663953784952449
-3.127559494015939 0.2666353099774952
-3.120687141004043 0.2668060077765877
-3.113814787992148 0.2669565585647588
-3.106942434980253 0.2671026848745666
-3.100070081968358 0.2672488025455314
-3.093197728956463 0.2673960029063703
-3.086325375944567 0.2675445246699439
-3.079453022932672 0.267694415133819
-3.072580669920777 0.2678456839192247
-3.065708316908882 0.2679983341851114
-3.058835963896987 0.268152368180761
-3.051963610885092 0.2683077881134377
-3.045091257873196 0.2684645962678024
-3.038218904861301 0.2686227950204699
-3.031346551849406 0.2687823868416733
-3.024474198837511 0.2689433742955361
-3.017601845825616 0.2691057600402514
-3.01072949281372 0.2692695468282469
-3.003857139801825 0.2694347375063843
-2.99698478678993 0.2696013350161797
-2.990112433778035 0.2697693423940308
-2.98324008076614 0.2699387627714823
-2.976367727754245 0.2701095993754971
-2.969495374742349 0.2702818555287587
-2.962623021730454 0.2704555346499914
-2.955750668718559 0.2706306402542912
-2.948878315706664 0.2708071759535003
-2.942005962694769 0.2709851454565751
-2.935133609682874 0.2711645525699942
-2.928261256670978 0.2713454011981844
-2.921388903659083 0.2715276953439639
-2.914516550647188 0.271711439109005
-2.907644197635292 0.2718966366943293
-2.900771844623398 0.2720832924008061
-2.893899491611502 0.2722714106296994
-2.887027138599607 0.2724609958832026
-2.880154785587712 0.2726520527650302
-2.873282432575817 0.2728445859810046
-2.866410079563922 0.2730386003396825
-2.859537726552027 0.2732341007529973
-2.852665373540131 0.2734310922369211
-2.845793020528236 0.2736295799121571
-2.838920667516341 0.2738295690048549
-2.832048314504446 0.2740310648473414
-2.825175961492551 0.2742340728788804
-2.818303608480655 0.2744385986464669
-2.81143125546876 0.2746446478056231
-2.804558902456865 0.2748522261212422
-2.79768654944497 0.275061339468443
-2.790814196433074 0.2752719938334516
-2.78394184342118 0.2754841953145173
-2.777069490409284 0.2756979501228467
-2.770197137397389 0.2759132645835604
-2.763324784385494 0.2761301451366932
-2.756452431373599 0.2763485983381996
-2.749580078361704 0.2765686308610053
-2.742707725349808 0.2767902494960773
-2.735835372337913 0.2770134611535244
-2.728963019326018 0.2772382728637244
-2.722090666314123 0.2774646917784848
-2.715218313302228 0.2776927251722329
-2.708345960290333 0.2779223804432313
-2.701473607278437 0.2781536651148284
-2.694601254266542 0.2783865868367403
-2.687728901254647 0.2786211533863632
-2.680856548242752 0.278857372670113
-2.673984195230856 0.2790952527248138
-2.667111842218961 0.2793348017190995
-2.660239489207066 0.279576027954861
-2.653367136195171 0.279818939868731
-2.646494783183276 0.2800635460335948
-2.63962243017138 0.2803098551601418
-2.632750077159486 0.2805578760984563
-2.62587772414759 0.2808076178396414
-2.619005371135695 0.2810590895174819
-2.6121330181238 0.2813123004101484
-2.605260665111905 0.2815672599419381
-2.59838831210001 0.2818239776850568
-2.591515959088114 0.2820824633614438
-2.584643606076219 0.282342726844637
-2.577771253064324 0.2826047781616817
-2.570898900052429 0.2828686274950823
-2.564026547040533 0.2831342851847996
-2.557154194028638 0.2834017617302948
-2.550281841016743 0.2836710677926165
-2.543409488004848 0.2839422141965403
-2.536537134992953 0.2842152119327507
-2.529664781981058 0.2844900721600803
-2.522792428969162 0.284766806207794
-2.515920075957268 0.2850454255779277
-2.509047722945372 0.2853259419476767
-2.502175369933477 0.2856083671718442
-2.495303016921582 0.285892713285341
-2.488430663909686 0.2861789925057432
-2.481558310897792 0.2864672172359057
-2.474685957885896 0.2867574000666405
-2.467813604874001 0.2870495537794505
-2.460941251862106 0.2873436913493256
-2.454068898850211 0.2876398259476088
-2.447196545838315 0.2879379709449201
-2.44032419282642 0.2882381399141467
-2.433451839814525 0.2885403466335143
-2.42657948680263 0.2888446050897076
-2.419707133790735 0.2891509294810821
-2.41283478077884 0.2894593342209351
-2.405962427766944 0.2897698339408645
-2.399090074755049 0.2900824434941903
-2.392217721743154 0.2903971779594708
-2.385345368731259 0.2907140526440841
-2.378473015719364 0.2910330830879082
-2.371600662707468 0.2913542850670744
-2.364728309695574 0.2916776745978114
-2.357855956683678 0.2920032679403829
-2.350983603671783 0.2923310816031134
-2.344111250659888 0.2926611323465099
-2.337238897647993 0.2929934371874769
-2.330366544636097 0.2933280134036366
-2.323494191624202 0.2936648785377464
-2.316621838612307 0.2940040504022241
-2.309749485600412 0.2943455470837771
-2.302877132588517 0.2946893869481482
-2.296004779576621 0.2950355886449652
-2.289132426564726 0.2953841711127177
-2.282260073552831 0.2957351535838466
-2.275387720540936 0.2960885555899546
-2.268515367529041 0.2964443969671566
-2.261643014517146 0.2968026978615387
-2.25477066150525 0.2971634787347681
-2.247898308493355 0.2975267603698383
-2.24102595548146 0.297892563876942
-2.234153602469565 0.2982609106995066
-2.22728124945767 0.2986318226203677
-2.220408896445774 0.2990053217681006
-2.21353654343388 0.2993814306235097
-2.206664190421984 0.299760172026275
-2.199791837410089 0.3001415691817805
-2.192919484398194 0.3005256456680941
-2.186047131386299 0.3009124254431425
-2.179174778374403 0.3013019328520625
-2.172302425362508 0.3016941926347337
-2.165430072350613 0.3020892299335207
-2.158557719338718 0.3024870703011982
-2.151685366326823 0.3028877397090908
-2.144813013314927 0.303291264555428
-2.137940660303032 0.3036976716739052
-2.131068307291137 0.304106988342481
-2.124195954279242 0.3045192422924058
-2.117323601267347 0.3049344617174824
-2.110451248255452 0.3053526752835816
-2.103578895243556 0.305773912138405
-2.096706542231662 0.3061982019215248
-2.089834189219766 0.3066255747746667
-2.082961836207871 0.3070560613523103
-2.076089483195976 0.307489692832549
-2.06921713018408 0.3079265009282558
-2.062344777172185 0.3083665178985637
-2.05547242416029 0.3088097765606605
-2.048600071148395 0.3092563103019071
-2.041727718136499 0.3097061530923032
-2.034855365124605 0.3101593394972975
-2.027983012112709 0.3106159046909672
-2.021110659100814 0.3110758844695637
-2.014238306088919 0.3115393152654526
-2.007365953077024 0.312006234161452
-2.000493600065129 0.3124766789055873
-1.993621247053234 0.3129506879262688
-1.986748894041338 0.3134283003479235
-1.979876541029443 0.3139095560070758
-1.973004188017548 0.3143944954689069
-1.966131835005653 0.3148831600443131
-1.959259481993758 0.3153755918074628
-1.952387128981862 0.3158718336138882
-1.945514775969967 0.3163719291191254
-1.938642422958072 0.316875922797916
-1.931770069946177 0.3173838599639995
-1.924897716934282 0.3178957867905148
-1.918025363922387 0.3184117503310306
-1.911153010910491 0.3189317985412377
-1.904280657898596 0.3194559803013114
-1.897408304886701 0.3199843454389856
-1.890535951874806 0.3205169447533543
-1.88366359886291 0.3210538300394419
-1.876791245851015 0.3215950541135448
-1.86991889283912 0.3221406708394145
-1.863046539827225 0.3226907351552704
-1.85617418681533 0.3232453031017168
-1.849301833803435 0.3238044318505569
-1.84242948079154 0.3243681797345856
-1.835557127779644 0.3249366062783595
-1.828684774767749 0.3255097722300053
-1.821812421755854 0.3260877395941073
-1.814940068743959 0.3266705716657082
-1.808067715732063 0.3272583330654794
-1.801195362720168 0.3278510897760994
-1.794323009708273 0.3284489091799041
-1.787450656696378 0.3290518600978444
-1.780578303684483 0.3296600128298176
-1.773705950672588 0.3302734391964348
-1.766833597660692 0.3308922125822735
-1.759961244648797 0.3315164079806848
-1.753088891636902 0.33214610204023
-1.746216538625007 0.3327813731128024
-1.739344185613112 0.3334223013035202
-1.732471832601217 0.3340689685224748
-1.725599479589321 0.3347214585383894
-1.718727126577426 0.3353798570343108
-1.711854773565531 0.3360442516653995
-1.704982420553636 0.3367147321189207
-1.698110067541741 0.3373913901765516
-1.691237714529845 0.3380743197790861
-1.68436536151795 0.3387636170936688
-1.677493008506055 0.3394593805836793
-1.67062065549416 0.3401617110813748
-1.663748302482265 0.3408707118634356
-1.65687594947037 0.3415864887295574
-1.650003596458474 0.3423091500842271
-1.643131243446579 0.343038807021843
-1.636258890434684 0.3437755734153529
-1.629386537422789 0.3445195660085617
-1.622514184410894 0.3452709045123333
-1.615641831398998 0.3460297117048364
-1.608769478387103 0.3467961135360766
-1.601897125375208 0.3475702392369239
-1.595024772363313 0.3483522214328656
-1.588152419351418 0.3491421962627339
-1.581280066339523 0.3499403035026795
-1.574407713327627 0.3507466866956637
-1.567535360315732 0.3515614932867636
-1.560663007303837 0.3523848747646136
-1.553790654291942 0.3532169868093185
-1.546918301280047 0.3540579894471927
-1.540045948268151 0.3549080472127087
-1.533173595256256 0.3557673293180632
-1.526301242244361 0.3566360098307901
-1.519428889232466 0.3575142678598954
-1.512556536220571 0.3584022877509841
-1.505684183208676 0.3593002592909348
-1.49881183019678 0.3602083779226686
-1.491939477184885 0.3611268449706169
-1.48506712417299 0.3620558678775484
-1.478194771161095 0.3629956604534224
-1.4713224181492 0.3639464431370436
-1.464450065137304 0.3649084432712786
-1.457577712125409 0.365881895392716
-1.450705359113514 0.3668670415366812
-1.443833006101619 0.3678641315585783
-1.436960653089724 0.3688734234726374
-1.430088300077829 0.3698951838092104
-1.423215947065933 0.370929687991829
-1.416343594054038 0.371977220735374
-1.409471241042143 0.3730380764667732
-1.402598888030248 0.3741125597697901
-1.395726535018353 0.3752009858555607
-1.388854182006457 0.3763036810607091
-1.381981828994562 0.3774209833749811
-1.375109475982667 0.3785532430005431
-1.368237122970772 0.3797008229452457
-1.361364769958877 0.3808640996523462
-1.354492416946982 0.3820434636694437
-1.347620063935086 0.3832393203595572
-1.340747710923191 0.3844520906576065
-1.333875357911296 0.3856822118758112
-1.327003004899401 0.3869301385618382
-1.320130651887506 0.3881963434139331
-1.31325829887561 0.3894813182576148
-1.306385945863715 0.3907855750889881
-1.29951359285182 0.3921096471901944
-1.292641239839925 0.3934540903230935
-1.28576888682803 0.3948194840078386
-1.278896533816134 0.3962064328937195
-1.272024180804239 0.3976155682303759
-1.265151827792344 0.3990475494483496
-1.258279474780449 0.4005030658588823
-1.251407121768554 0.4019828384839247
-1.244534768756659 0.4034876220285511
-1.237662415744763 0.4050182070092778
-1.230790062732868 0.4065754220533562
-1.223917709720973 0.4081601363858031
-1.217045356709078 0.409773262522899
-1.210173003697183 0.4114157591931251
-1.203300650685287 0.413088634508989
-1.196428297673392 0.4147929494161398
-1.189555944661497 0.4165298214494066
-1.182683591649602 0.418300428829222
-1.175811238637707 0.4201060149362097
-1.168938885625812 0.4219478932067146
-1.162066532613916 0.4238274524978277
-1.155194179602021 0.4257461629771514
-1.148321826590126 0.4277055826002886
-1.141449473578231 0.4297073642480744
-1.134577120566336 0.4317532636061461
-1.12770476755444 0.4338451478817477
-1.120832414542545 0.435985005467261
-1.11396006153065 0.4381749566770257
-1.107087708518755 0.4404172657043528
-1.10021535550686 0.4427143539696962
-1.093343002494965 0.4450688150597177
-1.086470649483069 0.4474834314914568
-1.079598296471174 0.4499611935772159
-1.072725943459279 0.4525053207159195
-1.065853590447384 0.4551192854975262
-1.058981237435489 0.4578068410813986
-1.052108884423594 0.4605720524006794
-1.045236531411698 0.4634193318573243
-1.038364178399803 0.4663534803122142
-1.031491825387908 0.4693797343495428
-1.024619472376013 0.4725038210145807
-1.017747119364118 0.4757320215028034
-1.010874766352222 0.4790712456347083
-1.004002413340327 0.4825291194099285
-0.9971300603284319 0.4861140885315562
-0.9902577073165371 0.4898355415762421
-0.9833853543046418 0.4937039575274336
-0.9765130012927465 0.4977310837888538
-0.9696406482808513 0.50193015270041
-0.962768295268956 0.5063161472092956
-0.9558959422570608 0.5109061300400656
-0.9490235892451659 0.5157196559814679
-0.9421512362332707 0.5207792946022187
-0.9352788832213754 0.5261113022106018
-0.9284065302094802 0.5317464995816017
-0.9215341771975849 0.5377214402627699
-0.9146618241856901 0.5440800016562325
-0.9077894711737948 0.5508756153056084
-0.9009171181618996 0.5581745121003396
-0.8940447651500043 0.5660606707159509
-0.887172412138109 0.5746437533345213
-0.8803000591262138 0.5840722862389321
-0.873427706114319 0.5945553259064813
-0.8665553531024237 0.6063949368548863
-0.8596830000905284 0.6200242088982457
-0.8528106470786332 0.6360246024211462
-0.8459382940667379 0.6550619158130553
-0.8390659410548427 0.6776546377601411
-0.8321935880429479 0.7037246458052208
-0.8253212350310526 0.7320264113628122
-0.8184488820191573 0.7597674078748714
-0.8115765290072621 0.7828399581919092
-0.8047041759953668 0.7968719419193536
-0.797831822983472 0.798780566220701
-0.7909594699715767 0.7880411507461036
-0.7840871169596815 0.7669162819056103
-0.7772147639477862 0.7395015956273219
-0.770342410935891 0.7101711140918567
-0.7634700579239957 0.682273335432857
-0.7565977049121009 0.6576002590927406
-0.7497253519002056 0.6365898388756126
-0.7428529988883104 0.6188749910686544
-0.7359806458764151 0.6038010146242684
-0.7291082928645198 0.5907371039323966
-0.7222359398526246 0.5791919621068524
-0.7153635868407298 0.568817204928513
-0.7084912338288345 0.5593720853634065
-0.7016188808169392 0.5506874503989622
-0.694746527805044 0.5426400709285347
-0.6878741747931487 0.5351366728220137
-0.6810018217812539 0.5281043496528378
-0.6741294687693586 0.5214846769869699
-0.6672571157574634 0.5152299224331348
-0.6603847627455681 0.5093004815277103
-0.6535124097336729 0.5036630705388898
-0.6466400567217776 0.4982894117729497
-0.6397677037098828 0.4931552531487532
-0.6328953506979875 0.4882396221726478
-0.6260229976860923 0.4835242485869589
-0.619150644674197 0.4789931110034173
-0.6122782916623017 0.4746320763314478
-0.6054059386504065 0.4704286097522472
-0.5985335856385117 0.4663715390676565
-0.5916612326266164 0.4624508614767728
-0.5847888796147211 0.4586575838250189
-0.5779165266028259 0.4549835895254156
-0.5710441735909306 0.4514215269274063
-0.5641718205790354 0.447964715076194
-0.5572994675671405 0.4446070636814807
-0.5504271145552453 0.441343004778878
-0.54355476154335 0.4381674340764219
-0.5366824085314548 0.4350756603725075
-0.5298100555195595 0.4320633617388815
-0.5229377025076647 0.4291265474041329
-0.5160653494957694 0.4262615244647849
-0.5091929964838742 0.4234648687039951
-0.5023206434719789 0.420733398920879
-0.4954482904600837 0.4180641542727718
-0.4885759374481884 0.4154543742136087
-0.4817035844362936 0.4129014806776614
-0.4748312314243983 0.4104030622122198
-0.4679588784125031 0.4079568598076422
-0.4610865254006078 0.4055607542105044
-0.4542141723887125 0.4032127545365303
-0.4473418193768173 0.4009109880260911
-0.4404694663649225 0.3986536908067934
-0.4335971133530272 0.3964391995461978
-0.4267247603411319 0.3942659438932866
-0.4198524073292367 0.3921324396205335
-0.4129800543173414 0.3900372823898116
-0.4061077013054466 0.3879791420749962
-0.3992353482935513 0.3859567575824407
-0.3923629952816561 0.3839689321176632
-0.3854906422697608 0.3820145288527313
-0.3786182892578656 0.3800924669541843
-0.3717459362459703 0.3782017179359667
-0.3648735832340755 0.3763413023058587
-0.3580012302221802 0.3745102864774295
-0.351128877210285 0.3727077799225989
-0.3442565241983897 0.3709329325425795
-0.3373841711864944 0.3691849322373534
-0.3305118181745992 0.3674630026558907
-0.3236394651627044 0.3657664011111882
-0.3167671121508091 0.3640944166457884
-0.3098947591389138 0.3624463682349017
-0.3030224061270186 0.360821603115516
-0.2961500531151233 0.3592194952310026
-0.2892777001032285 0.3576394437817532
-0.2824053470913332 0.3560808718732548
-0.275532994079438 0.3545432252538309
-0.2686606410675427 0.3530259711349831
-0.2617882880556475 0.3515285970879087
-0.2549159350437522 0.3500506100103629
-0.2480435820318574 0.3485915351585173
-0.2411712290199621 0.3471509152389743
-0.2342988760080669 0.3457283095564826
-0.2274265229961716 0.3443232932132976
-0.2205541699842763 0.3429354563564612
-0.2136818169723811 0.3415644034695939
-0.2068094639604863 0.3402097527060718
-0.199937110948591 0.3388711352606992
-0.1930647579366958 0.3375481947772527
-0.1861924049248005 0.3362405867894387
-0.1793200519129052 0.3349479781930413
-0.1724476989010104 0.333670046747176
-0.1655753458891152 0.3324064806027416
-0.1587029928772199 0.3311569778563163
-0.1518306398653246 0.3299212461278407
-0.1449582868534294 0.3286990021606037
-0.1380859338415341 0.3274899714421056
-0.1312135808296393 0.3262938878445171
-0.124341227817744 0.3251104932835188
-0.1174688748058488 0.3239395373944047
-0.1105965217939535 0.3227807772244096
-0.1037241687820583 0.3216339769402903
-0.096851815770163 0.3204989075502631
-0.08997946275826818 0.3193753466394454
-0.08310710974637292 0.3182630781180455
-0.07623475673447766 0.3171618919815344
-0.0693624037225824 0.3160715840821488
-0.06249005071068714 0.314991955911072
-0.05561769769879188 0.3139228143907001
-0.04874534468689706 0.31286397167644
-0.0418729916750018 0.3118152449675122
-0.03500063866310654 0.310776456326277
-0.02812828565121128 0.3097474325056197
-0.02125593263931602 0.3087280047839716
-0.01438357962742121 0.307718008807558
-0.007511226615525946 0.3067172844394977
-0.0006388736036306852 0.3057256756154063
0.006233479408264575 0.3047430302051535
0.01310583242015984 0.3037691998804727
0.0199781854320551 0.3028040399881284
0.02685053844394991 0.301847409428352
0.03372289145584517 0.3008991705382987
0.04059524446774043 0.2999591889802625
0.04746759747963569 0.2990273336344319
0.05433995049153095 0.2981034764959589
0.06121230350342621 0.2971874925761292
0.06808465651532103 0.2962792598074537
0.07495700952721629 0.2953786589524747
0.08182936253911155 0.2944855735161331
0.08870171555100681 0.293599889661517
0.09557406856290207 0.2927214961288415
0.1024464215747969 0.2918502841575103
0.1093187745866921 0.2909861474111197
0.1161911275985874 0.2901289819052696
0.1230634806104827 0.2892786859380634
0.1299358336223779 0.2884351600231626
0.1368081866342732 0.2875983068253044
0.143680539646168 0.2867680310981507
0.1505528926580633 0.2859442396243893
0.1574252456699585 0.2851268411579746
0.1642975986818538 0.2843157463684233
0.171169951693749 0.2835108677870761
0.1780423047056443 0.2827121197552423
0.1849146577175391 0.2819194183741487
0.1917870107294344 0.2811326814566183
0.1986593637413296 0.2803518284804047
0.2055317167532249 0.2795767805431174
0.2124040697651202 0.278807460318672
0.219276422777015 0.2780437920152062
0.2261487757889102 0.2772857013343906
0.2330211288008055 0.2765331154321005
0.2398934818127008 0.2757859628803738
0.246765834824596 0.275044173630615
0.2536381878364913 0.2743076789779949
0.2605105408483861 0.2735764115269969
0.2673828938602814 0.2728503051580732
0.2742552468721766 0.2721292949953537
0.2811275998840719 0.2714133173753832
0.2879999528959671 0.2707023098168427
0.2948723059078624 0.2699962109912079
0.3017446589197572 0.269294960694327
0.3086170119316525 0.2685984998188709
0.3154893649435477 0.267906770327627
0.322361717955443 0.2672197152276092
0.3292340709673383 0.2665372785449479
0.3361064239792331 0.2658594053005377
0.3429787769911283 0.2651860414864124
0.3498511300030236 0.2645171340428205
0.3567234830149189 0.2638526308359817
0.3635958360268141 0.2631924806364875
0.3704681890387094 0.2625366330983477
0.3773405420506042 0.2618850387386219
0.3842128950624994 0.2612376489176637
0.3910852480743947 0.2605944158199102
0.39795760108629 0.2599552924352275
0.4048299540981852 0.2593202325407936
0.4117023071100805 0.2586891906834623
0.4185746601219753 0.25806212216267
0.4254470131338706 0.2574389830137568
0.4323193661457658 0.2568197299918087
0.4391917191576611 0.2562043205559035
0.4460640721695563 0.2555927128537969
0.4529364251814512 0.2549848657070595
0.4598087781933464 0.2543807385965345
0.4666811312052417 0.2537802916483073
0.4735534842171369 0.2531834856199164
0.4804258372290322 0.2525902818870421
0.4872981902409275 0.2520006424304987
0.4941705432528223 0.2514145298235298
0.5010428962647175 0.2508319072195712
0.5079152492766128 0.2502527383401216
0.5147876022885081 0.2496769874631652
0.5216599553004033 0.2491046194117017
0.5285323083122986 0.2485355995426389
0.5354046613241934 0.2479698937360741
0.5422770143360887 0.2474074683845654
0.5491493673479839 0.2468482903830729
0.5560217203598792 0.2462923271187509
0.5628940733717744 0.2457395464612579
0.5697664263836697 0.2451899167533055
0.5766387793955645 0.2446434068011304
0.5835111324074598 0.2440999858657703
0.590383485419355 0.2435596236538856
0.5972558384312503 0.2430222903093393
0.6041281914431456 0.2424879564048084
0.6110005444550404 0.2419565929332725
0.6178728974669356 0.2414281713004985
0.6247452504788309 0.2409026633166658
0.6316176034907262 0.2403800411891129
0.6384899565026214 0.2398602775148404
0.6453623095145167 0.2393433452728382
0.6522346625264115 0.2388292178177052
0.6591070155383068 0.2383178688718683
0.665979368550202 0.2378092725193983
0.6728517215620973 0.2373034031993051
0.6797240745739925 0.2368002356984862
0.6865964275858873 0.2362997451464837
0.6934687805977831 0.2358019070080871
0.7003411336096779 0.2353066970781156
0.7072134866215727 0.2348140914754947
0.7140858396334684 0.234324066636547
0.7209581926453632 0.2338365993109516
0.7278305456572589 0.2333516665545711
0.7347028986691537 0.2328692457249944
0.7415752516810494 0.2323893144765703
0.7484476046929442 0.2319118507536291
0.7553199577048391 0.2314368327877776
0.7621923107167348 0.2309642390908859
0.7690646637286296 0.2304940484510124
0.7759370167405253 0.2300262399287803
0.7828093697524201 0.2295607928500517
0.7896817227643149 0.229097686804576
0.7965540757762106 0.2286369016394037
0.8034264287881054 0.228178417454455
0.8102987818000011 0.2277222146008654
0.817171134811896 0.2272682736727057
0.8240434878237917 0.2268165755066541
0.8309158408356865 0.2263671011766131
0.8377881938475813 0.2259198319878246
0.844660546859477 0.2254747494777944
0.8515328998713718 0.2250318354071739
0.8584052528832675 0.2245910717593217
0.8652776058951623 0.2241524407376011
0.8721499589070572 0.2237159247568194
0.8790223119189529 0.2232815064467393
0.8858946649308477 0.2228491686433677
0.8927670179427434 0.2224188943862326
0.8996393709546382 0.2219906669201569
0.906511723966533 0.221564469683581
0.9133840769784287 0.2211402863130694
0.9202564299903235 0.2207181006378662
0.9271287830022192 0.2202978966721161
0.9340011360141141 0.2198796586219409
0.9408734890260098 0.2194633708724577
0.9477458420379046 0.2190490179893416
0.9546181950497994 0.2186365847205134
0.9614905480616951 0.2182260559817764
0.9683629010735899 0.2178174168669183
0.9752352540854856 0.2174106526385875
0.9821076070973804 0.2170057487215004
0.9889799601092752 0.2166026907134423
0.995852313121171 0.2162014643671409
1.002724666133066 0.2158020555964551
1.009597019144961 0.2154044504782941
1.016469372156856 0.2150086352344581
1.023341725168751 0.2146145962481386
1.030214078180647 0.2142223200511472
1.037086431192542 0.2138317933167297
1.043958784204437 0.213443002876207
1.050831137216332 0.2130559356946587
1.057703490228228 0.2126705788808565
1.064575843240123 0.212286919691788
1.071448196252017 0.2119049455080112
1.078320549263913 0.211524643857417
1.085192902275808 0.2111460024005422
1.092065255287704 0.2107690089191942
1.098937608299599 0.2103936513420189
1.105809961311493 0.2100199177134627
1.112682314323389 0.2096477962041766
1.119554667335284 0.2092772751232997
1.12642702034718 0.2089083428834984
1.133299373359074 0.2085409880313566
1.140171726370969 0.2081751992359014
1.147044079382865 0.2078109652662738
1.15391643239476 0.20744827502982
1.160788785406655 0.2070871175367585
1.16766113841855 0.2067274819033908
1.174533491430446 0.206369357380028
1.181405844442341 0.2060127333031513
1.188278197454236 0.2056575991269866
1.195150550466131 0.205303944425573
1.202022903478026 0.2049517588510813
1.208895256489922 0.2046010321843529
1.215767609501817 0.2042517543046586
1.222639962513711 0.2039039151727024
1.229512315525607 0.2035575048815005
1.236384668537502 0.2032125136000296
1.243257021549398 0.202868931591706
1.250129374561292 0.2025267492445751
1.257001727573187 0.2021859570061477
1.263874080585083 0.2018465454356643
1.270746433596978 0.2015085051980507
1.277618786608874 0.2011718270125477
1.284491139620768 0.2008365017244273
1.291363492632664 0.200502520258652
1.298235845644559 0.2001698736024217
1.305108198656454 0.1998385528736955
1.311980551668349 0.1995085492440092
1.318852904680244 0.199179853965595
1.32572525769214 0.1988524584129096
1.332597610704035 0.1985263539951349
1.33946996371593 0.1982015322251395
1.346342316727825 0.1978779847166192
1.35321466973972 0.1975557031118992
1.360087022751616 0.1972346791769144
1.366959375763511 0.1969149047485049
1.373831728775405 0.1965963717007794
1.380704081787301 0.1962790720413507
1.387576434799196 0.1959629978172945
1.394448787811092 0.1956481411342322
1.401321140822986 0.1953344942268088
1.408193493834882 0.195022049343848
1.415065846846777 0.1947107988210963
1.421938199858672 0.1944007351038529
1.428810552870567 0.1940918506387853
1.435682905882462 0.1937841379874727
1.442555258894358 0.1934775897898065
1.449427611906253 0.1931721986900759
1.456299964918148 0.1928679574675521
1.463172317930043 0.1925648589429889
1.470044670941938 0.1922628959600748
1.476917023953834 0.1919620615038569
1.483789376965729 0.1916623485660688
1.490661729977623 0.1913637501915385
1.497534082989519 0.1910662595564058
1.504406436001414 0.1907698698180284
1.51127878901331 0.1904745742221802
1.518151142025205 0.1901803661202919
1.5250234950371 0.1898872388342766
1.531895848048995 0.1895951858073482
1.53876820106089 0.1893042005512118
1.545640554072786 0.1890142765544918
1.55251290708468 0.1887254074504219
1.559385260096576 0.1884375868984966
1.566257613108471 0.1881508085578166
1.573129966120366 0.1878650662405366
1.580002319132261 0.187580353745238
1.586874672144156 0.1872966649050515
1.593747025156052 0.1870139936972478
1.600619378167947 0.1867323340551272
1.607491731179842 0.1864516799875185
1.614364084191737 0.1861720256217692
1.621236437203632 0.1858933650256689
1.628108790215528 0.1856156923822795
1.634981143227423 0.1853390019544358
1.641853496239318 0.1850632879474526
1.648725849251213 0.1847885447134031
1.655598202263108 0.1845147666380537
1.662470555275004 0.1842419480691964
1.669342908286898 0.1839700835189877
1.676215261298794 0.1836991674868344
1.683087614310689 0.1834291944682938
1.689959967322584 0.1831601591236502
1.69683232033448 0.1828920560606227
1.703704673346374 0.1826248799266149
1.71057702635827 0.1823586255162038
1.717449379370165 0.1820932875441603
1.72432173238206 0.1818288608113185
1.731194085393955 0.1815653402322663
1.73806643840585 0.1813027206311385
1.744938791417746 0.1810409969604551
1.751811144429641 0.1807801642415407
1.758683497441536 0.1805202174128251
1.765555850453431 0.1802611515731236
1.772428203465326 0.1800029618395353
1.779300556477222 0.1797456432710531
1.786172909489117 0.179489191103983
1.793045262501012 0.1792336005435045
1.799917615512907 0.1789788667753796
1.806789968524802 0.1787249851619007
1.813662321536698 0.178471950992402
1.820534674548592 0.178219759584234
1.827407027560488 0.177968406412538
1.834279380572383 0.1777178868506604
1.841151733584278 0.1774681963498785
1.848024086596173 0.1772193304846879
1.854896439608068 0.1769712847156205
1.861768792619964 0.1767240546270186
1.868641145631859 0.1764776358801793
1.875513498643754 0.1762320240284504
1.882385851655649 0.1759872147848951
1.889258204667544 0.1757432038871706
1.89613055767944 0.1754999869883968
1.903002910691335 0.1752575599227082
1.90987526370323 0.1750159184966809
1.916747616715125 0.1747750584702374
1.92361996972702 0.1745349757882166
1.930492322738916 0.1742956663222018
1.937364675750811 0.1740571259447898
1.944237028762706 0.1738193506993717
1.951109381774601 0.1735823365222498
1.957981734786496 0.1733460794023592
1.964854087798392 0.1731105754688414
1.971726440810286 0.1728758207257303
1.978598793822182 0.1726418112789951
1.985471146834077 0.1724085433312898
1.992343499845973 0.1721760129599911
1.999215852857867 0.1719442163854434
2.006088205869762 0.171713149873286
2.012960558881658 0.1714828095814573
2.019832911893553 0.1712531918386842
2.026705264905448 0.1710242929657232
2.033577617917343 0.1707961092087339
2.040449970929238 0.1705686369959357
2.047322323941134 0.1703418726986246
2.054194676953029 0.1701158126580867
2.061067029964924 0.1698904533910215
2.067939382976819 0.169665791318241
2.074811735988715 0.1694418228812024
2.08168408900061 0.1692185446729989
2.088556442012504 0.1689959531663308
2.0954287950244 0.1687740449051433
2.102301148036295 0.1685528165469445
2.109173501048191 0.1683322646215397
2.116045854060085 0.1681123857744105
2.12291820707198 0.1678931767167962
2.129790560083876 0.1676746340427833
2.136662913095771 0.16745675449503
2.143535266107667 0.1672395348301646
2.150407619119561 0.1670229717145659
2.157279972131456 0.1668070619805846
2.164152325143352 0.1665918024250191
2.171024678155247 0.1663771897941579
2.177897031167142 0.1661632210001101
2.184769384179037 0.1659498928781676
2.191641737190933 0.1657372022605589
2.198514090202828 0.1655251461277764
2.205386443214723 0.1653137213554532
2.212258796226618 0.1651029248651965
2.219131149238513 0.1648927536942809
2.226003502250409 0.1646832047635899
2.232875855262304 0.1644742750842864
2.239748208274198 0.1642659617398652
2.246620561286094 0.1640582617035823
2.253492914297989 0.1638511720728017
2.260365267309885 0.1636446899688965
2.267237620321779 0.16343881242566
2.274109973333674 0.1632335366199922
2.28098232634557 0.1630288597059273
2.287854679357465 0.1628247787856807
2.29472703236936 0.1626212911063945
2.301599385381255 0.1624183938531747
2.308471738393151 0.1622160842029552
2.315344091405046 0.1620143594622664
2.322216444416941 0.1618132168493494
2.329088797428836 0.1616126536194448
2.335961150440731 0.1614126671273956
2.342833503452627 0.1612132546297832
2.349705856464522 0.1610144134602969
2.356578209476416 0.1608161410122058
2.363450562488312 0.1606184345878012
2.370322915500207 0.1604212915956743
2.377195268512103 0.160224709460107
2.384067621523998 0.1600286855372967
2.390939974535892 0.1598332173038383
2.397812327547788 0.1596383022110211
2.404684680559683 0.1594439376764775
2.411557033571579 0.1592501212354364
2.418429386583473 0.1590568503660266
2.425301739595369 0.1588641225527477
2.432174092607264 0.158671935378949
2.439046445619159 0.158480286353072
2.445918798631054 0.1582891730287092
2.452791151642949 0.1580985930272382
2.459663504654845 0.1579085438937102
2.46653585766674 0.1577190232492504
2.473408210678635 0.1575300287451396
2.48028056369053 0.1573415579708212
2.487152916702425 0.1571536086096994
2.494025269714321 0.1569661783380384
2.500897622726216 0.1567792647972985
2.50776997573811 0.1565928657250054
2.514642328750006 0.1564069788213713
2.521514681761901 0.1562216017856862
2.528387034773797 0.1560367323999155
2.535259387785691 0.1558523683910068
2.542131740797587 0.1556685075187528
2.549004093809482 0.1554851476000822
2.555876446821377 0.1553022863944592
2.562748799833273 0.1551199217209989
2.569621152845167 0.154938051424059
2.576493505857063 0.154756673302914
2.583365858868958 0.1545757852310819
2.590238211880853 0.1543953850761046
2.597110564892748 0.1542154706840568
2.603982917904643 0.1540360399751276
2.610855270916539 0.1538570908397551
2.617727623928434 0.1536786211756972
2.624599976940329 0.1535006289409014
2.631472329952224 0.1533231120521021
2.638344682964119 0.153146068460212
2.645217035976015 0.1529694961527709
2.65208938898791 0.15279339307875
2.658961741999805 0.1526177572397962
2.6658340950117 0.1524425866474023
2.672706448023595 0.1522678792894462
2.679578801035491 0.1520936332125287
2.686451154047385 0.151919846450114
2.693323507059281 0.1517465170343928
2.700195860071176 0.1515736430492093
2.707068213083071 0.1514012225518404
2.713940566094966 0.1512292536212649
2.720812919106861 0.1510577343709281
2.727685272118757 0.1508866628866554
2.734557625130652 0.150716037292959
2.741429978142547 0.1505458557272828
2.748302331154442 0.1503761163098607
2.755174684166337 0.1502068172060808
2.762047037178233 0.1500379565751696
2.768919390190128 0.1498695325766574
2.775791743202023 0.1497015434101464
2.782664096213918 0.1495339872580801
2.789536449225813 0.1493668623214464
2.796408802237709 0.1492001668274422
2.803281155249604 0.149033898985862
2.810153508261499 0.1488680570377953
2.817025861273394 0.1487026392334537
2.823898214285289 0.1485376438149587
2.830770567297185 0.1483730690590934
2.837642920309079 0.148208913237777
2.844515273320975 0.1480451746291601
2.85138762633287 0.1478818515398581
2.858259979344765 0.1477189422654321
2.86513233235666 0.147556445120942
2.872004685368555 0.1473943584376206
2.878877038380451 0.1472326805385654
2.885749391392346 0.1470714097734356
2.892621744404241 0.1469105444952823
2.899494097416136 0.1467500830585697
2.906366450428031 0.1465900238430355
2.913238803439927 0.1464303652238461
2.920111156451822 0.1462711055887012
2.926983509463717 0.1461122433425888
2.933855862475612 0.1459537768854643
2.940728215487507 0.145795704637271
2.947600568499403 0.1456380250250473
2.954472921511297 0.1454807364768299
2.961345274523193 0.1453238374414476
2.968217627535088 0.1451673263674684
2.975089980546983 0.1450112017129879
2.981962333558879 0.1448554619516247
2.988834686570773 0.1447001055552879
2.995707039582669 0.1445451310116719
3.002579392594564 0.1443905368162455
3.00945174560646 0.1442363214668745
3.016324098618354 0.1440824834782203
3.023196451630249 0.1439290213669383
3.030068804642145 0.143775933658453
3.03694115765404 0.1436232188910337
3.043813510665935 0.1434708756038864
3.05068586367783 0.1433189023495184
3.057558216689725 0.1431672976874526
3.064430569701621 0.1430160601814406
3.071302922713516 0.1428651884087996
3.078175275725411 0.1427146809499138
3.085047628737306 0.1425645363940761
3.091919981749201 0.1424147533407269
3.098792334761097 0.1422653303922958
3.105664687772991 0.1421162661628252
3.112537040784887 0.1419675592722692
3.119409393796782 0.1418192083464959
3.126281746808678 0.1416712120222318
3.133154099820572 0.141523568939989
3.140026452832467 0.141376277749356
3.146898805844363 0.1412293371077475
3.153771158856258 0.1410827456772654
3.160643511868154 0.1409365021300629
3.167515864880048 0.140790605143422
3.174388217891943 0.1406450534017657
3.181260570903839 0.1404998455980263
3.188132923915734 0.1403549804297613
3.195005276927629 0.1402104566032952
3.201877629939524 0.1400662728311123
3.20874998295142 0.1399224278317532
3.215622335963315 0.1397789203321097
3.22249468897521 0.1396357490640821
3.229367041987105 0.1394929127671951
3.236239394999 0.1393504101876313
3.243111748010896 0.1392082400771746
3.249984101022791 0.1390664011954327
3.256856454034685 0.1389248923074054
3.263728807046581 0.1387837121849129
3.270601160058476 0.1386428596065051
3.277473513070372 0.1385023333562042
3.284345866082266 0.1383621322252692
3.291218219094161 0.1382222550105763
3.298090572106057 0.1380827005153126
3.304962925117952 0.1379434675492243
3.311835278129847 0.1378045549275164
3.318707631141742 0.1376659614721158
3.325579984153638 0.1375276860106258
3.332452337165533 0.1373897273766454
3.339324690177428 0.1372520844100621
3.346197043189323 0.1371147559562122
3.353069396201218 0.1369777408667435
3.359941749213114 0.1368410379989205
3.366814102225009 0.1367046462157919
3.373686455236903 0.1365685643864043
3.380558808248799 0.136432791385214
3.387431161260694 0.1362973260926583
3.39430351427259 0.1361621673946716
3.401175867284485 0.1360273141828039
3.408048220296379 0.1358927653543278
3.414920573308275 0.1357585198118549
3.42179292632017 0.135624576463702
3.428665279332066 0.1354909342235388
3.43553763234396 0.1353575920104953
3.442409985355856 0.1352245487491739
3.449282338367751 0.1350918033694231
3.456154691379646 0.1349593548065549
3.463027044391541 0.1348272020010854
3.469899397403436 0.1346953438988349
3.476771750415332 0.1345637794508746
3.483644103427227 0.1344325076134126
3.490516456439122 0.1343015273479005
3.497388809451017 0.13417083762085
3.504261162462912 0.1340404374039179
3.511133515474808 0.1339103256738142
3.518005868486703 0.1337805014122657
3.524878221498597 0.1336509636060392
3.531750574510493 0.1335217112468284
3.538622927522388 0.1333927433313007
3.545495280534284 0.1332640588610115
3.552367633546178 0.1331356568423963
3.559239986558074 0.1330075362867464
3.566112339569969 0.1328796962101486
3.572984692581864 0.1327521356334976
3.57985704559376 0.1326248535824224
3.586729398605654 0.1324978490872906
3.59360175161755 0.1323711211831605
3.600474104629445 0.1322446689097531
3.60734645764134 0.1321184913114334
3.614218810653235 0.131992587437166
3.62109116366513 0.1318669563405027
3.627963516677026 0.1317415970795393
3.634835869688921 0.1316165087168977
3.641708222700816 0.1314916903196935
3.648580575712711 0.1313671409595073
3.655452928724606 0.1312428597123613
3.662325281736502 0.1311188456586855
3.669197634748397 0.1309950978832986
3.676069987760292 0.1308716154753719
3.682942340772187 0.1307483975284108
3.689814693784082 0.1306254431402228
3.696687046795978 0.1305027514128926
3.703559399807872 0.1303803214527573
3.710431752819768 0.1302581523703786
3.717304105831663 0.1301362432805183
3.724176458843558 0.1300145933021108
3.731048811855453 0.12989320155824
3.737921164867348 0.1297720671761134
3.744793517879244 0.1296511892870355
3.751665870891139 0.1295305670263849
3.758538223903034 0.1294101995335886
3.765410576914929 0.1292900859520985
3.772282929926824 0.1291702254293662
3.77915528293872 0.1290506171168182
3.786027635950615 0.128931260169834
3.79289998896251 0.1288121537477215
3.799772341974405 0.1286932970136915
3.8066446949863 0.1285746891348377
3.813517047998196 0.1284563292821109
3.820389401010091 0.1283382166302971
3.827261754021986 0.1282203503579936
3.834134107033881 0.1281027296475884
3.841006460045776 0.1279853536852342
3.847878813057672 0.12786822166083
3.854751166069566 0.1277513327679953
3.861623519081462 0.1276346862040507
3.868495872093357 0.1275182811699951
3.875368225105252 0.1274021168704826
3.882240578117147 0.1272861925138018
3.889112931129042 0.1271705073118576
3.895985284140938 0.1270550604801436
3.902857637152833 0.1269398512377266
3.909729990164728 0.1268248788072218
3.916602343176623 0.1267101424147749
3.923474696188518 0.1265956412900389
3.930347049200414 0.1264813746661574
3.937219402212309 0.1263673417797378
3.944091755224204 0.1262535418708381
3.950964108236099 0.1261399741829416
3.957836461247994 0.1260266379629406
3.96470881425989 0.1259135324611145
3.971581167271784 0.1258006569311098
3.97845352028368 0.1256880106299231
3.985325873295575 0.125575592817879
3.99219822630747 0.1254634027586117
3.999070579319365 0.125351439719048
4.00594293233126 0.1252397029693848
4.012815285343156 0.1251281917830717
4.019687638355051 0.1250169054367939
4.026559991366947 0.1249058432104532
4.033432344378841 0.1247950043871461
4.040304697390736 0.1246843882531501
4.047177050402632 0.1245739940979028
4.054049403414527 0.1244638212139852
4.060921756426422 0.124353868897102
4.067794109438317 0.1242441364460669
4.074666462450212 0.1241346231627819
4.081538815462108 0.1240253283522209
4.088411168474003 0.1239162513224123
4.095283521485898 0.1238073913844227
4.102155874497793 0.1236987478523379
4.109028227509688 0.1235903200432467
4.115900580521584 0.1234821072772238
4.122772933533478 0.1233741088773136
4.129645286545374 0.1232663241695135
4.136517639557269 0.1231587524827546
4.143389992569165 0.1230513931488912
4.150262345581059 0.1229442455026775
4.157134698592954 0.122837308881756
4.16400705160485 0.1227305826266387
4.170879404616745 0.1226240660806947
4.17775175762864 0.122517758590129
4.184624110640535 0.1224116595039726
4.19149646365243 0.1223057681740612
4.198368816664326 0.1222000839550228
4.205241169676221 0.1220946062042632
4.212113522688116 0.1219893342819472
4.218985875700011 0.1218842675509865
4.225858228711906 0.1217794053770216
4.232730581723802 0.12167474712841
4.239602934735696 0.1215702921762089
4.246475287747592 0.1214660398941616
4.253347640759487 0.1213619896586807
4.260219993771383 0.121258140848836
4.267092346783278 0.1211544928463387
4.273964699795172 0.1210510450355277
4.280837052807068 0.1209477968033528
4.287709405818963 0.1208447475393645
4.294581758830859 0.120741896635696
4.301454111842753 0.1206392434870505
4.308326464854648 0.1205367874906885
4.315198817866544 0.1204345280464122
4.322071170878439 0.1203324645565526
4.328943523890334 0.120230596425955
4.335815876902229 0.1201289230619663
4.342688229914125 0.1200274438744211
4.34956058292602 0.1199261582756277
4.356432935937915 0.1198250656803564
4.36330528894981 0.1197241655058234
4.370177641961705 0.119623457171681
4.377049994973601 0.1195229401000023
4.383922347985496 0.1194226137152679
4.39079470099739 0.1193224774443552
4.397667054009286 0.1192225307165236
4.404539407021181 0.1191227729634021
4.411411760033077 0.1190232036189778
4.418284113044971 0.1189238221195809
4.425156466056866 0.1188246279038765
4.432028819068762 0.1187256204128468
4.438901172080657 0.1186267990897824
4.445773525092553 0.1185281633802691
4.452645878104447 0.1184297127321766
4.459518231116343 0.1183314465956435
4.466390584128238 0.1182333644230687
4.473262937140133 0.1181354656690983
4.480135290152028 0.1180377497906128
4.487007643163923 0.1179402162467161
4.493879996175819 0.1178428644987249
4.500752349187714 0.1177456940101541
4.507624702199609 0.1176487042467082
4.514497055211504 0.1175518946762689
4.521369408223399 0.1174552647688824
4.528241761235295 0.1173588139967499
4.53511411424719 0.1172625418342164
4.541986467259084 0.1171664477577569
4.54885882027098 0.1170705312459686
4.555731173282875 0.116974791779557
4.562603526294771 0.1168792288413294
4.569475879306665 0.1167838419161751
4.576348232318561 0.1166886304910666
4.583220585330456 0.1165935940550392
4.590092938342351 0.1164987320991841
4.596965291354246 0.1164040441166379
4.603837644366141 0.1163095296025706
4.610709997378037 0.1162151880541777
4.617582350389932 0.1161210189706668
4.624454703401827 0.116027021853249
4.631327056413722 0.1159331962051276
4.638199409425617 0.115839541531489
4.645071762437513 0.1157460573394914
4.651944115449408 0.1156527431382495
4.658816468461302 0.115559598438762
4.665688821473198 0.1154666227532429
4.672561174485093 0.1153738155889514
4.679433527496989 0.1152811763973411
4.686305880508884 0.1151887042042949
4.693178233520778 0.1150963952429121
4.700050586532673 0.1150042296413455
4.70692293954457 0.1149121058323551
4.713795292556465 0.1148195583566406
4.720667645568359 0.1147247024664203
4.727539998580254 0.1146208247003768
4.734412351592149 0.1144869574955971
4.741284704604046 0.1142659073346609
4.74815705761594 0.1138221700804336
4.755029410627835 0.1128791906757594
4.76190176363973 0.1109571945362824
4.768774116651627 0.107365502551874
4.775646469663521 0.1013204230374159
4.782518822675416 0.09222066785012545
4.789391175687311 0.08000425939694256
4.796263528699206 0.06539572471321559
4.803135881711103 0.04984426495668755
4.810008234722997 0.03511045323351822
4.816880587734892 0.02268893860762805
4.823752940746787 0.01337113495085009
4.830625293758682 0.007152281454690061
4.837497646770578 0.003459527090191865
4.844369999782473 0.001508679868959305
4.851242352794368 0.0005917834268585563
4.858114705806263 0.0002083994535787893
4.864987058818158 6.578710257981793e-05
4.871859411830054 1.859353310649802e-05
4.878731764841949 4.700281185706989e-06
4.885604117853844 1.061858957057078e-06
4.892476470865739 2.142357458563859e-07
4.899348823877633 3.857879758256665e-08
4.90622117688953 6.19763088388954e-09
4.913093529901425 8.878576097624037e-10
4.91996588291332 1.133829582456168e-10
