# kx ky |F(k)| (fftshifted indices)
-64 -64 5.29947e-07
-64 -63 5.29096e-07
-64 -62 5.31275e-07
-64 -61 5.31553e-07
-64 -60 5.35292e-07
-64 -59 5.36503e-07
-64 -58 5.42095e-07
-64 -57 5.44015e-07
-64 -56 5.51854e-07
-64 -55 5.54197e-07
-64 -54 5.64819e-07
-64 -53 5.67195e-07
-64 -52 5.81334e-07
-64 -51 5.83197e-07
-64 -50 6.01856e-07
-64 -49 6.02441e-07
-64 -48 6.2698e-07
-64 -47 6.25221e-07
-64 -46 6.5747e-07
-64 -45 6.51906e-07
-64 -44 6.94296e-07
-64 -43 6.82961e-07
-64 -42 7.3869e-07
-64 -41 7.18984e-07
-64 -40 7.92203e-07
-64 -39 7.60767e-07
-64 -38 8.56789e-07
-64 -37 8.0938e-07
-64 -36 9.34904e-07
-64 -35 8.66308e-07
-64 -34 1.02965e-06
-64 -33 9.33648e-07
-64 -32 1.14498e-06
-64 -31 1.01441e-06
-64 -30 1.28594e-06
-64 -29 1.11297e-06
-64 -28 1.45918e-06
-64 -27 1.23574e-06
-64 -26 1.67357e-06
-64 -25 1.39223e-06
-64 -24 1.9414e-06
-64 -23 1.59676e-06
-64 -22 2.28032e-06
-64 -21 1.87119e-06
-64 -20 2.71682e-06
-64 -19 2.24982e-06
-64 -18 3.2926e-06
-64 -17 2.78838e-06
-64 -16 4.07698e-06
-64 -15 3.58169e-06
-64 -14 5.19256e-06
-64 -13 4.80172e-06
-64 -12 6.87302e-06
-64 -11 6.78762e-06
-64 -10 9.6085e-06
-64 -9 1.02886e-05
-64 -8 1.45707e-05
-64 -7 1.72468e-05
-64 -6 2.51514e-05
-64 -5 3.41163e-05
-64 -4 5.41752e-05
-64 -3 0.000104255
-64 -2 1.9814e-05
-64 -1 0.00301553
-64 0 0.0111284
-64 1 0.00301553
-64 2 1.9814e-05
-64 3 0.000104255
-64 4 5.41752e-05
-64 5 3.41163e-05
-64 6 2.51514e-05
-64 7 1.72468e-05
-64 8 1.45707e-05
-64 9 1.02886e-05
-64 10 9.6085e-06
-64 11 6.78762e-06
-64 12 6.87302e-06
-64 13 4.80172e-06
-64 14 5.19256e-06
-64 15 3.58169e-06
-64 16 4.07698e-06
-64 17 2.78838e-06
-64 18 3.2926e-06
-64 19 2.24982e-06
-64 20 2.71682e-06
-64 21 1.87119e-06
-64 22 2.28032e-06
-64 23 1.59676e-06
-64 24 1.9414e-06
-64 25 1.39223e-06
-64 26 1.67357e-06
-64 27 1.23574e-06
-64 28 1.45918e-06
-64 29 1.11297e-06
-64 30 1.28594e-06
-64 31 1.01441e-06
-64 32 1.14498e-06
-64 33 9.33648e-07
-64 34 1.02965e-06
-64 35 8.66308e-07
-64 36 9.34904e-07
-64 37 8.0938e-07
-64 38 8.56789e-07
-64 39 7.60767e-07
-64 40 7.92203e-07
-64 41 7.18984e-07
-64 42 7.3869e-07
-64 43 6.82961e-07
-64 44 6.94296e-07
-64 45 6.51906e-07
-64 46 6.5747e-07
-64 47 6.25221e-07
-64 48 6.2698e-07
-64 49 6.02441e-07
-64 50 6.01856e-07
-64 51 5.83197e-07
-64 52 5.81334e-07
-64 53 5.67195e-07
-64 54 5.64819e-07
-64 55 5.54197e-07
-64 56 5.51854e-07
-64 57 5.44015e-07
-64 58 5.42095e-07
-64 59 5.36503e-07
-64 60 5.35292e-07
-64 61 5.31553e-07
-64 62 5.31275e-07
-64 63 5.29096e-07

-63 -64 5.29096e-07
-63 -63 5.30611e-07
-63 -62 5.30322e-07
-63 -61 5.33279e-07
-63 -60 5.34017e-07
-63 -59 5.38681e-07
-63 -58 5.40233e-07
-63 -57 5.46951e-07
-63 -56 5.49058e-07
-63 -55 5.58298e-07
-63 -54 5.60615e-07
-63 -53 5.73021e-07
-63 -52 5.75069e-07
-63 -51 5.9152e-07
-63 -50 5.92627e-07
-63 -49 6.14325e-07
-63 -48 6.13548e-07
-63 -47 6.42116e-07
-63 -46 6.38155e-07
-63 -45 6.75765e-07
-63 -44 6.66848e-07
-63 -43 7.1638e-07
-63 -42 7.00141e-07
-63 -41 7.65359e-07
-63 -40 7.38702e-07
-63 -39 8.24466e-07
-63 -38 7.83427e-07
-63 -37 8.95917e-07
-63 -36 8.35546e-07
-63 -35 9.82503e-07
-63 -34 8.96788e-07
-63 -33 1.08775e-06
-63 -32 9.69628e-07
-63 -31 1.21617e-06
-63 -30 1.05765e-06
-63 -29 1.37358e-06
-63 -28 1.16612e-06
-63 -27 1.56766e-06
-63 -26 1.30279e-06
-63 -25 1.80887e-06
-63 -24 1.47931e-06
-63 -23 2.11187e-06
-63 -22 1.7133e-06
-63 -21 2.49818e-06
-63 -20 2.03208e-06
-63 -19 3.00083e-06
-63 -18 2.47921e-06
-63 -17 3.67318e-06
-63 -16 3.12699e-06
-63 -15 4.60663e-06
-63 -14 4.10214e-06
-63 -13 5.96868e-06
-63 -12 5.64352e-06
-63 -11 8.09321e-06
-63 -10 8.24738e-06
-63 -9 1.17238e-05
-63 -8 1.30922e-05
-63 -7 1.87977e-05
-63 -6 2.35781e-05
-63 -5 3.57671e-05
-63 -4 5.25426e-05
-63 -3 0.000106011
-63 -2 1.81132e-05
-63 -1 0.00301907
-63 0 0.0111369
-63 1 0.00301907
-63 2 1.81132e-05
-63 3 0.000106011
-63 4 5.25426e-05
-63 5 3.57671e-05
-63 6 2.35781e-05
-63 7 1.87977e-05
-63 8 1.30922e-05
-63 9 1.17238e-05
-63 10 8.24738e-06
-63 11 8.09321e-06
-63 12 5.64352e-06
-63 13 5.96868e-06
-63 14 4.10214e-06
-63 15 4.60663e-06
-63 16 3.12699e-06
-63 17 3.67318e-06
-63 18 2.47921e-06
-63 19 3.00083e-06
-63 20 2.03208e-06
-63 21 2.49818e-06
-63 22 1.7133e-06
-63 23 2.11187e-06
-63 24 1.47931e-06
-63 25 1.80887e-06
-63 26 1.30279e-06
-63 27 1.56766e-06
-63 28 1.16612e-06
-63 29 1.37358e-06
-63 30 1.05765e-06
-63 31 1.21617e-06
-63 32 9.69628e-07
-63 33 1.08775e-06
-63 34 8.96788e-07
-63 35 9.82503e-07
-63 36 8.35546e-07
-63 37 8.95917e-07
-63 38 7.83427e-07
-63 39 8.24466e-07
-63 40 7.38702e-07
-63 41 7.65359e-07
-63 42 7.00141e-07
-63 43 7.1638e-07
-63 44 6.66848e-07
-63 45 6.75765e-07
-63 46 6.38155e-07
-63 47 6.42116e-07
-63 48 6.13548e-07
-63 49 6.14325e-07
-63 50 5.92627e-07
-63 51 5.9152e-07
-63 52 5.75069e-07
-63 53 5.73021e-07
-63 54 5.60615e-07
-63 55 5.58298e-07
-63 56 5.49058e-07
-63 57 5.46951e-07
-63 58 5.40233e-07
-63 59 5.38681e-07
-63 60 5.34017e-07
-63 61 5.33279e-07
-63 62 5.30322e-07
-63 63 5.30611e-07

-62 -64 5.31275e-07
-62 -63 5.30322e-07
-62 -62 5.32612e-07
-62 -61 5.32774e-07
-62 -60 5.36654e-07
-62 -59 5.37713e-07
-62 -58 5.43504e-07
-62 -57 5.45205e-07
-62 -56 5.53336e-07
-62 -55 5.5535e-07
-62 -54 5.66409e-07
-62 -53 5.68285e-07
-62 -52 5.83079e-07
-62 -51 5.84184e-07
-62 -50 6.03823e-07
-62 -49 6.03266e-07
-62 -48 6.2926e-07
-62 -47 6.25798e-07
-62 -46 6.60187e-07
-62 -45 6.52111e-07
-62 -44 6.97623e-07
-62 -43 6.8262e-07
-62 -42 7.42859e-07
-62 -41 7.17862e-07
-62 -40 7.97524e-07
-62 -39 7.58546e-07
-62 -38 8.63668e-07
-62 -37 8.05644e-07
-62 -36 9.43866e-07
-62 -35 8.60521e-07
-62 -34 1.04136e-06
-62 -33 9.25141e-07
-62 -32 1.16025e-06
-62 -31 1.00237e-06
-62 -30 1.30577e-06
-62 -29 1.09642e-06
-62 -28 1.48472e-06
-62 -27 1.21359e-06
-62 -26 1.70616e-06
-62 -25 1.36327e-06
-62 -24 1.98251e-06
-62 -23 1.55972e-06
-62 -22 2.33152e-06
-62 -21 1.82486e-06
-62 -20 2.7797e-06
-62 -19 2.19314e-06
-62 -18 3.36872e-06
-62 -17 2.72061e-06
-62 -16 4.16783e-06
-62 -15 3.50263e-06
-62 -14 5.29955e-06
-62 -13 4.71204e-06
-62 -12 6.99762e-06
-62 -11 6.68935e-06
-62 -10 9.75276e-06
-62 -9 1.01862e-05
-62 -8 1.47388e-05
-62 -7 1.71501e-05
-62 -6 2.53552e-05
-62 -5 3.40513e-05
-62 -4 5.44568e-05
-62 -3 0.000104353
-62 -2 2.0019e-05
-62 -1 0.00302264
-62 0 0.0111551
-62 1 0.00302264
-62 2 2.0019e-05
-62 3 0.000104353
-62 4 5.44568e-05
-62 5 3.40513e-05
-62 6 2.53552e-05
-62 7 1.71501e-05
-62 8 1.47388e-05
-62 9 1.01862e-05
-62 10 9.75276e-06
-62 11 6.68935e-06
-62 12 6.99762e-06
-62 13 4.71204e-06
-62 14 5.29955e-06
-62 15 3.50263e-06
-62 16 4.16783e-06
-62 17 2.72061e-06
-62 18 3.36872e-06
-62 19 2.19314e-06
-62 20 2.7797e-06
-62 21 1.82486e-06
-62 22 2.33152e-06
-62 23 1.55972e-06
-62 24 1.98251e-06
-62 25 1.36327e-06
-62 26 1.70616e-06
-62 27 1.21359e-06
-62 28 1.48472e-06
-62 29 1.09642e-06
-62 30 1.30577e-06
-62 31 1.00237e-06
-62 32 1.16025e-06
-62 33 9.25141e-07
-62 34 1.04136e-06
-62 35 8.60521e-07
-62 36 9.43866e-07
-62 37 8.05644e-07
-62 38 8.63668e-07
-62 39 7.58546e-07
-62 40 7.97524e-07
-62 41 7.17862e-07
-62 42 7.42859e-07
-62 43 6.8262e-07
-62 44 6.97623e-07
-62 45 6.52111e-07
-62 46 6.60187e-07
-62 47 6.25798e-07
-62 48 6.2926e-07
-62 49 6.03266e-07
-62 50 6.03823e-07
-62 51 5.84184e-07
-62 52 5.83079e-07
-62 53 5.68285e-07
-62 54 5.66409e-07
-62 55 5.5535e-07
-62 56 5.53336e-07
-62 57 5.45205e-07
-62 58 5.43504e-07
-62 59 5.37713e-07
-62 60 5.36654e-07
-62 61 5.32774e-07
-62 62 5.32612e-07
-62 63 5.30322e-07

-61 -64 5.31553e-07
-61 -63 5.33279e-07
-61 -62 5.32774e-07
-61 -61 5.35982e-07
-61 -60 5.36454e-07
-61 -59 5.41457e-07
-61 -58 5.42639e-07
-61 -57 5.49847e-07
-61 -56 5.51405e-07
-61 -55 5.61375e-07
-61 -54 5.62861e-07
-61 -53 5.76362e-07
-61 -52 5.77148e-07
-61 -51 5.95241e-07
-61 -50 5.94438e-07
-61 -49 6.18583e-07
-61 -48 6.14944e-07
-61 -47 6.47132e-07
-61 -46 6.38919e-07
-61 -45 6.81842e-07
-61 -44 6.66678e-07
-61 -43 7.23931e-07
-61 -42 6.98617e-07
-61 -41 7.74939e-07
-61 -40 7.35253e-07
-61 -39 8.3681e-07
-61 -38 7.77295e-07
-61 -37 9.11984e-07
-61 -36 8.25746e-07
-61 -35 1.00352e-06
-61 -34 8.82069e-07
-61 -33 1.11526e-06
-61 -32 9.4844e-07
-61 -31 1.25204e-06
-61 -30 1.02813e-06
-61 -29 1.42007e-06
-61 -28 1.12609e-06
-61 -27 1.62737e-06
-61 -26 1.24982e-06
-61 -25 1.88473e-06
-61 -24 1.41078e-06
-61 -23 2.20707e-06
-61 -22 1.62656e-06
-61 -21 2.61605e-06
-61 -20 1.92467e-06
-61 -19 3.14469e-06
-61 -18 2.34914e-06
-61 -17 3.84623e-06
-61 -16 2.97315e-06
-61 -15 4.81185e-06
-61 -14 3.92482e-06
-61 -13 6.20895e-06
-61 -12 5.44522e-06
-61 -11 8.37185e-06
-61 -10 8.03424e-06
-61 -9 1.20464e-05
-61 -8 1.28775e-05
-61 -7 1.91779e-05
-61 -6 2.33928e-05
-61 -5 3.62482e-05
-61 -4 5.24811e-05
-61 -3 0.000106845
-61 -2 1.78779e-05
-61 -1 0.00303398
-61 0 0.011191
-61 1 0.00303398
-61 2 1.78779e-05
-61 3 0.000106845
-61 4 5.24811e-05
-61 5 3.62482e-05
-61 6 2.33928e-05
-61 7 1.91779e-05
-61 8 1.28775e-05
-61 9 1.20464e-05
-61 10 8.03424e-06
-61 11 8.37185e-06
-61 12 5.44522e-06
-61 13 6.20895e-06
-61 14 3.92482e-06
-61 15 4.81185e-06
-61 16 2.97315e-06
-61 17 3.84623e-06
-61 18 2.34914e-06
-61 19 3.14469e-06
-61 20 1.92467e-06
-61 21 2.61605e-06
-61 22 1.62656e-06
-61 23 2.20707e-06
-61 24 1.41078e-06
-61 25 1.88473e-06
-61 26 1.24982e-06
-61 27 1.62737e-06
-61 28 1.12609e-06
-61 29 1.42007e-06
-61 30 1.02813e-06
-61 31 1.25204e-06
-61 32 9.4844e-07
-61 33 1.11526e-06
-61 34 8.82069e-07
-61 35 1.00352e-06
-61 36 8.25746e-07
-61 37 9.11984e-07
-61 38 7.77295e-07
-61 39 8.3681e-07
-61 40 7.35253e-07
-61 41 7.74939e-07
-61 42 6.98617e-07
-61 43 7.23931e-07
-61 44 6.66678e-07
-61 45 6.81842e-07
-61 46 6.38919e-07
-61 47 6.47132e-07
-61 48 6.14944e-07
-61 49 6.18583e-07
-61 50 5.94438e-07
-61 51 5.95241e-07
-61 52 5.77148e-07
-61 53 5.76362e-07
-61 54 5.62861e-07
-61 55 5.61375e-07
-61 56 5.51405e-07
-61 57 5.49847e-07
-61 58 5.42639e-07
-61 59 5.41457e-07
-61 60 5.36454e-07
-61 61 5.35982e-07
-61 62 5.32774e-07
-61 63 5.33279e-07

-60 -64 5.35292e-07
-60 -63 5.34017e-07
-60 -62 5.36654e-07
-60 -61 5.36454e-07
-60 -60 5.40778e-07
-60 -59 5.41357e-07
-60 -58 5.47774e-07
-60 -57 5.48779e-07
-60 -56 5.57835e-07
-60 -55 5.588e-07
-60 -54 5.71247e-07
-60 -53 5.71528e-07
-60 -52 5.88409e-07
-60 -51 5.8709e-07
-60 -50 6.09854e-07
-60 -49 6.05641e-07
-60 -48 6.36286e-07
-60 -47 6.27359e-07
-60 -46 6.68615e-07
-60 -45 6.52452e-07
-60 -44 7.0801e-07
-60 -43 6.81173e-07
-60 -42 7.55963e-07
-60 -41 7.13845e-07
-60 -40 8.14358e-07
-60 -39 7.50908e-07
-60 -38 8.85568e-07
-60 -37 7.92999e-07
-60 -36 9.72563e-07
-60 -35 8.41085e-07
-60 -34 1.07905e-06
-60 -33 8.96668e-07
-60 -32 1.20966e-06
-60 -31 9.62109e-07
-60 -30 1.37021e-06
-60 -29 1.04111e-06
-60 -28 1.5681e-06
-60 -27 1.13948e-06
-60 -26 1.81294e-06
-60 -25 1.26622e-06
-60 -24 2.11764e-06
-60 -23 1.43539e-06
-60 -22 2.50028e-06
-60 -21 1.66898e-06
-60 -20 2.9875e-06
-60 -19 2.00195e-06
-60 -18 3.62085e-06
-60 -17 2.49136e-06
-60 -16 4.46925e-06
-60 -15 3.23433e-06
-60 -14 5.65482e-06
-60 -13 4.40643e-06
-60 -12 7.41132e-06
-60 -11 6.35253e-06
-60 -10 1.0231e-05
-60 -9 9.83188e-06
-60 -8 1.5294e-05
-60 -7 1.68085e-05
-60 -6 2.60222e-05
-60 -5 3.38018e-05
-60 -4 5.53618e-05
-60 -3 0.000104592
-60 -2 2.06946e-05
-60 -1 0.00304407
-60 0 0.0112356
-60 1 0.00304407
-60 2 2.06946e-05
-60 3 0.000104592
-60 4 5.53618e-05
-60 5 3.38018e-05
-60 6 2.60222e-05
-60 7 1.68085e-05
-60 8 1.5294e-05
-60 9 9.83188e-06
-60 10 1.0231e-05
-60 11 6.35253e-06
-60 12 7.41132e-06
-60 13 4.40643e-06
-60 14 5.65482e-06
-60 15 3.23433e-06
-60 16 4.46925e-06
-60 17 2.49136e-06
-60 18 3.62085e-06
-60 19 2.00195e-06
-60 20 2.9875e-06
-60 21 1.66898e-06
-60 22 2.50028e-06
-60 23 1.43539e-06
-60 24 2.11764e-06
-60 25 1.26622e-06
-60 26 1.81294e-06
-60 27 1.13948e-06
-60 28 1.5681e-06
-60 29 1.04111e-06
-60 30 1.37021e-06
-60 31 9.62109e-07
-60 32 1.20966e-06
-60 33 8.96668e-07
-60 34 1.07905e-06
-60 35 8.41085e-07
-60 36 9.72563e-07
-60 37 7.92999e-07
-60 38 8.85568e-07
-60 39 7.50908e-07
-60 40 8.14358e-07
-60 41 7.13845e-07
-60 42 7.55963e-07
-60 43 6.81173e-07
-60 44 7.0801e-07
-60 45 6.52452e-07
-60 46 6.68615e-07
-60 47 6.27359e-07
-60 48 6.36286e-07
-60 49 6.05641e-07
-60 50 6.09854e-07
-60 51 5.8709e-07
-60 52 5.88409e-07
-60 53 5.71528e-07
-60 54 5.71247e-07
-60 55 5.588e-07
-60 56 5.57835e-07
-60 57 5.48779e-07
-60 58 5.47774e-07
-60 59 5.41357e-07
-60 60 5.40778e-07
-60 61 5.36454e-07
-60 62 5.36654e-07
-60 63 5.34017e-07

-59 -64 5.36503e-07
-59 -63 5.38681e-07
-59 -62 5.37713e-07
-59 -61 5.41457e-07
-59 -60 5.41357e-07
-59 -59 5.47086e-07
-59 -58 5.47467e-07
-59 -57 5.55731e-07
-59 -56 5.56098e-07
-59 -55 5.67648e-07
-59 -54 5.67322e-07
-59 -53 5.83205e-07
-59 -52 5.81227e-07
-59 -51 6.02904e-07
-59 -50 5.97907e-07
-59 -49 6.27419e-07
-59 -48 6.17465e-07
-59 -47 6.5763e-07
-59 -46 6.40006e-07
-59 -45 6.94681e-07
-59 -44 6.65637e-07
-59 -43 7.40039e-07
-59 -42 6.94483e-07
-59 -41 7.95576e-07
-59 -40 7.26713e-07
-59 -39 8.63652e-07
-59 -38 7.62593e-07
-59 -37 9.47232e-07
-59 -36 8.02585e-07
-59 -35 1.05e-06
-59 -34 8.47518e-07
-59 -33 1.17654e-06
-59 -32 8.98846e-07
-59 -31 1.33252e-06
-59 -30 9.59069e-07
-59 -29 1.525e-06
-59 -28 1.03236e-06
-59 -27 1.76291e-06
-59 -26 1.12555e-06
-59 -25 2.05782e-06
-59 -24 1.24959e-06
-59 -23 2.42528e-06
-59 -22 1.42193e-06
-59 -21 2.88731e-06
-59 -20 1.67041e-06
-59 -19 3.47693e-06
-59 -18 2.04008e-06
-59 -17 4.24699e-06
-59 -16 2.60605e-06
-59 -15 5.28804e-06
-59 -14 3.49955e-06
-59 -13 6.76687e-06
-59 -12 4.9665e-06
-59 -11 9.01831e-06
-59 -10 7.51468e-06
-59 -9 1.27922e-05
-59 -8 1.23446e-05
-59 -7 2.00493e-05
-59 -6 2.29106e-05
-59 -5 3.73312e-05
-59 -4 5.22424e-05
-59 -3 0.000108645
-59 -2 1.72841e-05
-59 -1 0.00306422
-59 0 0.0113005
-59 1 0.00306422
-59 2 1.72841e-05
-59 3 0.000108645
-59 4 5.22424e-05
-59 5 3.73312e-05
-59 6 2.29106e-05
-59 7 2.00493e-05
-59 8 1.23446e-05
-59 9 1.27922e-05
-59 10 7.51468e-06
-59 11 9.01831e-06
-59 12 4.9665e-06
-59 13 6.76687e-06
-59 14 3.49955e-06
-59 15 5.28804e-06
-59 16 2.60605e-06
-59 17 4.24699e-06
-59 18 2.04008e-06
-59 19 3.47693e-06
-59 20 1.67041e-06
-59 21 2.88731e-06
-59 22 1.42193e-06
-59 23 2.42528e-06
-59 24 1.24959e-06
-59 25 2.05782e-06
-59 26 1.12555e-06
-59 27 1.76291e-06
-59 28 1.03236e-06
-59 29 1.525e-06
-59 30 9.59069e-07
-59 31 1.33252e-06
-59 32 8.98846e-07
-59 33 1.17654e-06
-59 34 8.47518e-07
-59 35 1.05e-06
-59 36 8.02585e-07
-59 37 9.47232e-07
-59 38 7.62593e-07
-59 39 8.63652e-07
-59 40 7.26713e-07
-59 41 7.95576e-07
-59 42 6.94483e-07
-59 43 7.40039e-07
-59 44 6.65637e-07
-59 45 6.94681e-07
-59 46 6.40006e-07
-59 47 6.5763e-07
-59 48 6.17465e-07
-59 49 6.27419e-07
-59 50 5.97907e-07
-59 51 6.02904e-07
-59 52 5.81227e-07
-59 53 5.83205e-07
-59 54 5.67322e-07
-59 55 5.67648e-07
-59 56 5.56098e-07
-59 57 5.55731e-07
-59 58 5.47467e-07
-59 59 5.47086e-07
-59 60 5.41357e-07
-59 61 5.41457e-07
-59 62 5.37713e-07
-59 63 5.38681e-07

-58 -64 5.42095e-07
-58 -63 5.40233e-07
-58 -62 5.43504e-07
-58 -61 5.42639e-07
-58 -60 5.47774e-07
-58 -59 5.47467e-07
-58 -58 5.55034e-07
-58 -57 5.54748e-07
-58 -56 5.6551e-07
-58 -55 5.64524e-07
-58 -54 5.79543e-07
-58 -53 5.76841e-07
-58 -52 5.97611e-07
-58 -51 5.91739e-07
-58 -50 6.20361e-07
-58 -49 6.09246e-07
-58 -48 6.48656e-07
-58 -47 6.29363e-07
-58 -46 6.83629e-07
-58 -45 6.52056e-07
-58 -44 7.26748e-07
-58 -43 6.77249e-07
-58 -42 7.79903e-07
-58 -41 7.04837e-07
-58 -40 8.45496e-07
-58 -39 7.34705e-07
-58 -38 9.26553e-07
-58 -37 7.66804e-07
-58 -36 1.02685e-06
-58 -35 8.01266e-07
-58 -34 1.15106e-06
-58 -33 8.38626e-07
-58 -32 1.30492e-06
-58 -31 8.80165e-07
-58 -30 1.49546e-06
-58 -29 9.2846e-07
-58 -28 1.73135e-06
-58 -27 9.8822e-07
-58 -26 2.02344e-06
-58 -25 1.06756e-06
-58 -24 2.38567e-06
-58 -23 1.17997e-06
-58 -22 2.83687e-06
-58 -21 1.34745e-06
-58 -20 3.40395e-06
-58 -19 1.60579e-06
-58 -18 4.12817e-06
-58 -17 2.01395e-06
-58 -16 5.0776e-06
-58 -15 2.67242e-06
-58 -14 6.37324e-06
-58 -13 3.76201e-06
-58 -12 8.24811e-06
-58 -11 5.63576e-06
-58 -10 1.11961e-05
-58 -9 9.0668e-06
-58 -8 1.6407e-05
-58 -7 1.6048e-05
-58 -6 2.73393e-05
-58 -5 3.3183e-05
-58 -4 5.70926e-05
-58 -3 0.000104789
-58 -2 2.20459e-05
-58 -1 0.00308002
-58 0 0.0113714
-58 1 0.00308002
-58 2 2.20459e-05
-58 3 0.000104789
-58 4 5.70926e-05
-58 5 3.3183e-05
-58 6 2.73393e-05
-58 7 1.6048e-05
-58 8 1.6407e-05
-58 9 9.0668e-06
-58 10 1.11961e-05
-58 11 5.63576e-06
-58 12 8.24811e-06
-58 13 3.76201e-06
-58 14 6.37324e-06
-58 15 2.67242e-06
-58 16 5.0776e-06
-58 17 2.01395e-06
-58 18 4.12817e-06
-58 19 1.60579e-06
-58 20 3.40395e-06
-58 21 1.34745e-06
-58 22 2.83687e-06
-58 23 1.17997e-06
-58 24 2.38567e-06
-58 25 1.06756e-06
-58 26 2.02344e-06
-58 27 9.8822e-07
-58 28 1.73135e-06
-58 29 9.2846e-07
-58 30 1.49546e-06
-58 31 8.80165e-07
-58 32 1.30492e-06
-58 33 8.38626e-07
-58 34 1.15106e-06
-58 35 8.01266e-07
-58 36 1.02685e-06
-58 37 7.66804e-07
-58 38 9.26553e-07
-58 39 7.34705e-07
-58 40 8.45496e-07
-58 41 7.04837e-07
-58 42 7.79903e-07
-58 43 6.77249e-07
-58 44 7.26748e-07
-58 45 6.52056e-07
-58 46 6.83629e-07
-58 47 6.29363e-07
-58 48 6.48656e-07
-58 49 6.09246e-07
-58 50 6.20361e-07
-58 51 5.91739e-07
-58 52 5.97611e-07
-58 53 5.76841e-07
-58 54 5.79543e-07
-58 55 5.64524e-07
-58 56 5.6551e-07
-58 57 5.54748e-07
-58 58 5.55034e-07
-58 59 5.47467e-07
-58 60 5.47774e-07
-58 61 5.42639e-07
-58 62 5.43504e-07
-58 63 5.40233e-07

-57 -64 5.44015e-07
-57 -63 5.46951e-07
-57 -62 5.45205e-07
-57 -61 5.49847e-07
-57 -60 5.48779e-07
-57 -59 5.55731e-07
-57 -58 5.54748e-07
-57 -57 5.64801e-07
-57 -56 5.63127e-07
-57 -55 5.77368e-07
-57 -54 5.73923e-07
-57 -53 5.93887e-07
-57 -52 5.87127e-07
-57 -51 6.14986e-07
-57 -50 6.02694e-07
-57 -49 6.41518e-07
-57 -48 6.20524e-07
-57 -47 6.74615e-07
-57 -46 6.40443e-07
-57 -45 7.15766e-07
-57 -44 6.62177e-07
-57 -43 7.66906e-07
-57 -42 6.85342e-07
-57 -41 8.30518e-07
-57 -40 7.09438e-07
-57 -39 9.09757e-07
-57 -38 7.33884e-07
-57 -37 1.00858e-06
-57 -36 7.58094e-07
-57 -35 1.1319e-06
-57 -34 7.8164e-07
-57 -33 1.28571e-06
-57 -32 8.04538e-07
-57 -31 1.47733e-06
-57 -30 8.27716e-07
-57 -29 1.71556e-06
-57 -28 8.53747e-07
-57 -27 2.01111e-06
-57 -26 8.87972e-07
-57 -25 2.37719e-06
-57 -24 9.402e-07
-57 -23 2.83067e-06
-57 -22 1.02734e-06
-57 -21 3.3943e-06
-57 -20 1.17763e-06
-57 -19 4.10115e-06
-57 -18 1.43781e-06
-57 -17 5.00321e-06
-57 -16 1.88634e-06
-57 -15 6.18939e-06
-57 -14 2.66003e-06
-57 -13 7.82464e-06
-57 -12 4.01338e-06
-57 -11 1.02431e-05
-57 -10 6.46769e-06
-57 -9 1.41992e-05
-57 -8 1.12479e-05
-57 -7 2.16753e-05
-57 -6 2.1866e-05
-57 -5 3.93024e-05
-57 -4 5.15493e-05
-57 -3 0.000111727
-57 -2 1.60376e-05
-57 -1 0.00311066
-57 0 0.0114678
-57 1 0.00311066
-57 2 1.60376e-05
-57 3 0.000111727
-57 4 5.15493e-05
-57 5 3.93024e-05
-57 6 2.1866e-05
-57 7 2.16753e-05
-57 8 1.12479e-05
-57 9 1.41992e-05
-57 10 6.46769e-06
-57 11 1.02431e-05
-57 12 4.01338e-06
-57 13 7.82464e-06
-57 14 2.66003e-06
-57 15 6.18939e-06
-57 16 1.88634e-06
-57 17 5.00321e-06
-57 18 1.43781e-06
-57 19 4.10115e-06
-57 20 1.17763e-06
-57 21 3.3943e-06
-57 22 1.02734e-06
-57 23 2.83067e-06
-57 24 9.402e-07
-57 25 2.37719e-06
-57 26 8.87972e-07
-57 27 2.01111e-06
-57 28 8.53747e-07
-57 29 1.71556e-06
-57 30 8.27716e-07
-57 31 1.47733e-06
-57 32 8.04538e-07
-57 33 1.28571e-06
-57 34 7.8164e-07
-57 35 1.1319e-06
-57 36 7.58094e-07
-57 37 1.00858e-06
-57 38 7.33884e-07
-57 39 9.09757e-07
-57 40 7.09438e-07
-57 41 8.30518e-07
-57 42 6.85342e-07
-57 43 7.66906e-07
-57 44 6.62177e-07
-57 45 7.15766e-07
-57 46 6.40443e-07
-57 47 6.74615e-07
-57 48 6.20524e-07
-57 49 6.41518e-07
-57 50 6.02694e-07
-57 51 6.14986e-07
-57 52 5.87127e-07
-57 53 5.93887e-07
-57 54 5.73923e-07
-57 55 5.77368e-07
-57 56 5.63127e-07
-57 57 5.64801e-07
-57 58 5.54748e-07
-57 59 5.55731e-07
-57 60 5.48779e-07
-57 61 5.49847e-07
-57 62 5.45205e-07
-57 63 5.46951e-07

-56 -64 5.51854e-07
-56 -63 5.49058e-07
-56 -62 5.53336e-07
-56 -61 5.51405e-07
-56 -60 5.57835e-07
-56 -59 5.56098e-07
-56 -58 5.6551e-07
-56 -57 5.63127e-07
-56 -56 5.76647e-07
-56 -55 5.72467e-07
-56 -54 5.91674e-07
-56 -53 5.84061e-07
-56 -52 6.11206e-07
-56 -51 5.97796e-07
-56 -50 6.36087e-07
-56 -49 6.13478e-07
-56 -48 6.67458e-07
-56 -47 6.30794e-07
-56 -46 7.06842e-07
-56 -45 6.49276e-07
-56 -44 7.56239e-07
-56 -43 6.6826e-07
-56 -42 8.18251e-07
-56 -41 6.86853e-07
-56 -40 8.96217e-07
-56 -39 7.03926e-07
-56 -38 9.94361e-07
-56 -37 7.1814e-07
-56 -36 1.11795e-06
-56 -35 7.28052e-07
-56 -34 1.27348e-06
-56 -33 7.32334e-07
-56 -32 1.46877e-06
-56 -31 7.30161e-07
-56 -30 1.71322e-06
-56 -29 7.21856e-07
-56 -28 2.01798e-06
-56 -27 7.09894e-07
-56 -26 2.3963e-06
-56 -25 7.00424e-07
-56 -24 2.86429e-06
-56 -23 7.05573e-07
-56 -22 3.44228e-06
-56 -21 7.46998e-07
-56 -20 4.1578e-06
-56 -19 8.61612e-07
-56 -18 5.05155e-06
-56 -17 1.11153e-06
-56 -16 6.18975e-06
-56 -15 1.60293e-06
-56 -14 7.69049e-06
-56 -13 2.52565e-06
-56 -12 9.78397e-06
-56 -11 4.24652e-06
-56 -10 1.29641e-05
-56 -9 7.56102e-06
-56 -8 1.84316e-05
-56 -7 1.4506e-05
-56 -6 2.96946e-05
-56 -5 3.18081e-05
-56 -4 6.00689e-05
-56 -3 0.000104553
-56 -2 2.44997e-05
-56 -1 0.00313081
-56 0 0.0115646
-56 1 0.00313081
-56 2 2.44997e-05
-56 3 0.000104553
-56 4 6.00689e-05
-56 5 3.18081e-05
-56 6 2.96946e-05
-56 7 1.4506e-05
-56 8 1.84316e-05
-56 9 7.56102e-06
-56 10 1.29641e-05
-56 11 4.24652e-06
-56 12 9.78397e-06
-56 13 2.52565e-06
-56 14 7.69049e-06
-56 15 1.60293e-06
-56 16 6.18975e-06
-56 17 1.11153e-06
-56 18 5.05155e-06
-56 19 8.61612e-07
-56 20 4.1578e-06
-56 21 7.46998e-07
-56 22 3.44228e-06
-56 23 7.05573e-07
-56 24 2.86429e-06
-56 25 7.00424e-07
-56 26 2.3963e-06
-56 27 7.09894e-07
-56 28 2.01798e-06
-56 29 7.21856e-07
-56 30 1.71322e-06
-56 31 7.30161e-07
-56 32 1.46877e-06
-56 33 7.32334e-07
-56 34 1.27348e-06
-56 35 7.28052e-07
-56 36 1.11795e-06
-56 37 7.1814e-07
-56 38 9.94361e-07
-56 39 7.03926e-07
-56 40 8.96217e-07
-56 41 6.86853e-07
-56 42 8.18251e-07
-56 43 6.6826e-07
-56 44 7.56239e-07
-56 45 6.49276e-07
-56 46 7.06842e-07
-56 47 6.30794e-07
-56 48 6.67458e-07
-56 49 6.13478e-07
-56 50 6.36087e-07
-56 51 5.97796e-07
-56 52 6.11206e-07
-56 53 5.84061e-07
-56 54 5.91674e-07
-56 55 5.72467e-07
-56 56 5.76647e-07
-56 57 5.63127e-07
-56 58 5.6551e-07
-56 59 5.56098e-07
-56 60 5.57835e-07
-56 61 5.51405e-07
-56 62 5.53336e-07
-56 63 5.49058e-07

-55 -64 5.54197e-07
-55 -63 5.58298e-07
-55 -62 5.5535e-07
-55 -61 5.61375e-07
-55 -60 5.588e-07
-55 -59 5.67648e-07
-55 -58 5.64524e-07
-55 -57 5.77368e-07
-55 -56 5.72467e-07
-55 -55 5.90941e-07
-55 -54 5.8253e-07
-55 -53 6.08961e-07
-55 -52 5.94539e-07
-55 -51 6.3227e-07
-55 -50 6.08209e-07
-55 -49 6.62023e-07
-55 -48 6.23098e-07
-55 -47 6.99782e-07
-55 -46 6.38543e-07
-55 -45 7.47632e-07
-55 -44 6.53605e-07
-55 -43 8.08319e-07
-55 -42 6.66992e-07
-55 -41 8.85411e-07
-55 -40 6.77009e-07
-55 -39 9.83478e-07
-55 -38 6.81532e-07
-55 -37 1.10828e-06
-55 -36 6.78038e-07
-55 -35 1.26694e-06
-55 -34 6.63755e-07
-55 -33 1.46815e-06
-55 -32 6.35957e-07
-55 -31 1.72225e-06
-55 -30 5.92522e-07
-55 -29 2.04143e-06
-55 -28 5.32833e-07
-55 -27 2.43983e-06
-55 -26 4.59172e-07
-55 -25 2.93392e-06
-55 -24 3.7882e-07
-55 -23 3.54323e-06
-55 -22 3.072e-07
-55 -21 4.29216e-06
-55 -20 2.72707e-07
-55 -19 5.21387e-06
-55 -18 3.24574e-07
-55 -17 6.35867e-06
-55 -16 5.4681e-07
-55 -15 7.8119e-06
-55 -14 1.08562e-06
-55 -13 9.73368e-06
-55 -12 2.20989e-06
-55 -11 1.24541e-05
-55 -10 4.46294e-06
-55 -9 1.67299e-05
-55 -8 9.10707e-06
-55 -7 2.4569e-05
-55 -6 1.97373e-05
-55 -5 4.27196e-05
-55 -4 4.98545e-05
-55 -3 0.000116695
-55 -2 1.35596e-05
-55 -1 0.00317478
-55 0 0.0116967
-55 1 0.00317478
-55 2 1.35596e-05
-55 3 0.000116695
-55 4 4.98545e-05
-55 5 4.27196e-05
-55 6 1.97373e-05
-55 7 2.4569e-05
-55 8 9.10707e-06
-55 9 1.67299e-05
-55 10 4.46294e-06
-55 11 1.24541e-05
-55 12 2.20989e-06
-55 13 9.73368e-06
-55 14 1.08562e-06
-55 15 7.8119e-06
-55 16 5.4681e-07
-55 17 6.35867e-06
-55 18 3.24574e-07
-55 19 5.21387e-06
-55 20 2.72707e-07
-55 21 4.29216e-06
-55 22 3.072e-07
-55 23 3.54323e-06
-55 24 3.7882e-07
-55 25 2.93392e-06
-55 26 4.59172e-07
-55 27 2.43983e-06
-55 28 5.32833e-07
-55 29 2.04143e-06
-55 30 5.92522e-07
-55 31 1.72225e-06
-55 32 6.35957e-07
-55 33 1.46815e-06
-55 34 6.63755e-07
-55 35 1.26694e-06
-55 36 6.78038e-07
-55 37 1.10828e-06
-55 38 6.81532e-07
-55 39 9.83478e-07
-55 40 6.77009e-07
-55 41 8.85411e-07
-55 42 6.66992e-07
-55 43 8.08319e-07
-55 44 6.53605e-07
-55 45 7.47632e-07
-55 46 6.38543e-07
-55 47 6.99782e-07
-55 48 6.23098e-07
-55 49 6.62023e-07
-55 50 6.08209e-07
-55 51 6.3227e-07
-55 52 5.94539e-07
-55 53 6.08961e-07
-55 54 5.8253e-07
-55 55 5.90941e-07
-55 56 5.72467e-07
-55 57 5.77368e-07
-55 58 5.64524e-07
-55 59 5.67648e-07
-55 60 5.588e-07
-55 61 5.61375e-07
-55 62 5.5535e-07
-55 63 5.58298e-07

-54 -64 5.64819e-07
-54 -63 5.60615e-07
-54 -62 5.66409e-07
-54 -61 5.62861e-07
-54 -60 5.71247e-07
-54 -59 5.67322e-07
-54 -58 5.79543e-07
-54 -57 5.73923e-07
-54 -56 5.91674e-07
-54 -55 5.8253e-07
-54 -54 6.08216e-07
-54 -53 5.92914e-07
-54 -52 6.30004e-07
-54 -51 6.04706e-07
-54 -50 6.58208e-07
-54 -49 6.1734e-07
-54 -48 6.94436e-07
-54 -47 6.29971e-07
-54 -46 7.40866e-07
-54 -45 6.41384e-07
-54 -44 8.0041e-07
-54 -43 6.49888e-07
-54 -42 8.76903e-07
-54 -41 6.53211e-07
-54 -40 9.75324e-07
-54 -39 6.48406e-07
-54 -38 1.10203e-06
-54 -37 6.3181e-07
-54 -36 1.26497e-06
-54 -35 5.99086e-07
-54 -34 1.47394e-06
-54 -33 5.45431e-07
-54 -32 1.74067e-06
-54 -31 4.66017e-07
-54 -30 2.07897e-06
-54 -29 3.56791e-07
-54 -28 2.50473e-06
-54 -27 2.15759e-07
-54 -26 3.03595e-06
-54 -25 4.49642e-08
-54 -24 3.693e-06
-54 -23 1.46599e-07
-54 -22 4.49938e-06
-54 -21 3.38659e-07
-54 -20 5.48406e-06
-54 -19 4.93038e-07
-54 -18 6.68677e-06
-54 -17 5.42757e-07
-54 -16 8.16995e-06
-54 -15 3.72187e-07
-54 -14 1.00453e-05
-54 -13 2.23698e-07
-54 -12 1.25354e-05
-54 -11 1.63447e-06
-54 -10 1.61291e-05
-54 -9 4.6908e-06
-54 -8 2.20352e-05
-54 -7 1.14939e-05
-54 -6 3.38212e-05
-54 -5 2.89391e-05
-54 -4 6.50819e-05
-54 -3 0.000103132
-54 -2 2.88663e-05
-54 -1 0.0031967
-54 0 0.0118185
-54 1 0.0031967
-54 2 2.88663e-05
-54 3 0.000103132
-54 4 6.50819e-05
-54 5 2.89391e-05
-54 6 3.38212e-05
-54 7 1.14939e-05
-54 8 2.20352e-05
-54 9 4.6908e-06
-54 10 1.61291e-05
-54 11 1.63447e-06
-54 12 1.25354e-05
-54 13 2.23698e-07
-54 14 1.00453e-05
-54 15 3.72187e-07
-54 16 8.16995e-06
-54 17 5.42757e-07
-54 18 6.68677e-06
-54 19 4.93038e-07
-54 20 5.48406e-06
-54 21 3.38659e-07
-54 22 4.49938e-06
-54 23 1.46599e-07
-54 24 3.693e-06
-54 25 4.49642e-08
-54 26 3.03595e-06
-54 27 2.15759e-07
-54 28 2.50473e-06
-54 29 3.56791e-07
-54 30 2.07897e-06
-54 31 4.66017e-07
-54 32 1.74067e-06
-54 33 5.45431e-07
-54 34 1.47394e-06
-54 35 5.99086e-07
-54 36 1.26497e-06
-54 37 6.3181e-07
-54 38 1.10203e-06
-54 39 6.48406e-07
-54 40 9.75324e-07
-54 41 6.53211e-07
-54 42 8.76903e-07
-54 43 6.49888e-07
-54 44 8.0041e-07
-54 45 6.41384e-07
-54 46 7.40866e-07
-54 47 6.29971e-07
-54 48 6.94436e-07
-54 49 6.1734e-07
-54 50 6.58208e-07
-54 51 6.04706e-07
-54 52 6.30004e-07
-54 53 5.92914e-07
-54 54 6.08216e-07
-54 55 5.8253e-07
-54 56 5.91674e-07
-54 57 5.73923e-07
-54 58 5.79543e-07
-54 59 5.67322e-07
-54 60 5.71247e-07
-54 61 5.62861e-07
-54 62 5.66409e-07
-54 63 5.60615e-07

-53 -64 5.67195e-07
-53 -63 5.73021e-07
-53 -62 5.68285e-07
-53 -61 5.76362e-07
-53 -60 5.71528e-07
-53 -59 5.83205e-07
-53 -58 5.76841e-07
-53 -57 5.93887e-07
-53 -56 5.84061e-07
-53 -55 6.08961e-07
-53 -54 5.92914e-07
-53 -53 6.29253e-07
-53 -52 6.02957e-07
-53 -51 6.55946e-07
-53 -50 6.13509e-07
-53 -49 6.90693e-07
-53 -48 6.2355e-07
-53 -47 7.35773e-07
-53 -46 6.316e-07
-53 -45 7.94273e-07
-53 -44 6.35573e-07
-53 -43 8.70323e-07
-53 -42 6.32609e-07
-53 -41 9.69363e-07
-53 -40 6.18914e-07
-53 -39 1.09844e-06
-53 -38 5.89615e-07
-53 -37 1.2665e-06
-53 -36 5.38698e-07
-53 -35 1.4847e-06
-53 -34 4.59081e-07
-53 -33 1.76655e-06
-53 -32 3.42921e-07
-53 -31 2.12812e-06
-53 -30 1.82283e-07
-53 -29 2.58791e-06
-53 -28 2.96827e-08
-53 -27 3.16671e-06
-53 -26 2.96867e-07
-53 -25 3.88741e-06
-53 -24 6.17389e-07
-53 -23 4.77495e-06
-53 -22 9.795e-07
-53 -21 5.85727e-06
-53 -20 1.35559e-06
-53 -19 7.16814e-06
-53 -18 1.69304e-06
-53 -17 8.75476e-06
-53 -16 1.89894e-06
-53 -15 1.06952e-05
-53 -14 1.81138e-06
-53 -13 1.31387e-05
-53 -12 1.13728e-06
-53 -11 1.64037e-05
-53 -10 7.02429e-07
-53 -9 2.12416e-05
-53 -8 5.02701e-06
-53 -7 2.96839e-05
-53 -6 1.55476e-05
-53 -5 4.86206e-05
-53 -4 4.61265e-05
-53 -3 0.000124674
-53 -2 8.76252e-06
-53 -1 0.00325895
-53 0 0.011993
-53 1 0.00325895
-53 2 8.76252e-06
-53 3 0.000124674
-53 4 4.61265e-05
-53 5 4.86206e-05
-53 6 1.55476e-05
-53 7 2.96839e-05
-53 8 5.02701e-06
-53 9 2.12416e-05
-53 10 7.02429e-07
-53 11 1.64037e-05
-53 12 1.13728e-06
-53 13 1.31387e-05
-53 14 1.81138e-06
-53 15 1.06952e-05
-53 16 1.89894e-06
-53 17 8.75476e-06
-53 18 1.69304e-06
-53 19 7.16814e-06
-53 20 1.35559e-06
-53 21 5.85727e-06
-53 22 9.795e-07
-53 23 4.77495e-06
-53 24 6.17389e-07
-53 25 3.88741e-06
-53 26 2.96867e-07
-53 27 3.16671e-06
-53 28 2.96827e-08
-53 29 2.58791e-06
-53 30 1.82283e-07
-53 31 2.12812e-06
-53 32 3.42921e-07
-53 33 1.76655e-06
-53 34 4.59081e-07
-53 35 1.4847e-06
-53 36 5.38698e-07
-53 37 1.2665e-06
-53 38 5.89615e-07
-53 39 1.09844e-06
-53 40 6.18914e-07
-53 41 9.69363e-07
-53 42 6.32609e-07
-53 43 8.70323e-07
-53 44 6.35573e-07
-53 45 7.94273e-07
-53 46 6.316e-07
-53 47 7.35773e-07
-53 48 6.2355e-07
-53 49 6.90693e-07
-53 50 6.13509e-07
-53 51 6.55946e-07
-53 52 6.02957e-07
-53 53 6.29253e-07
-53 54 5.92914e-07
-53 55 6.08961e-07
-53 56 5.84061e-07
-53 57 5.93887e-07
-53 58 5.76841e-07
-53 59 5.83205e-07
-53 60 5.71528e-07
-53 61 5.76362e-07
-53 62 5.68285e-07
-53 63 5.73021e-07

-52 -64 5.81334e-07
-52 -63 5.75069e-07
-52 -62 5.83079e-07
-52 -61 5.77148e-07
-52 -60 5.88409e-07
-52 -59 5.81227e-07
-52 -58 5.97611e-07
-52 -57 5.87127e-07
-52 -56 6.11206e-07
-52 -55 5.94539e-07
-52 -54 6.30004e-07
-52 -53 6.02957e-07
-52 -52 6.55196e-07
-52 -51 6.11596e-07
-52 -50 6.88478e-07
-52 -49 6.19274e-07
-52 -48 7.32224e-07
-52 -47 6.24259e-07
-52 -46 7.89705e-07
-52 -45 6.24076e-07
-52 -44 8.65361e-07
-52 -43 6.15283e-07
-52 -42 9.65133e-07
-52 -41 5.93215e-07
-52 -40 1.09683e-06
-52 -39 5.51739e-07
-52 -38 1.27054e-06
-52 -37 4.83047e-07
-52 -36 1.49901e-06
-52 -35 3.77571e-07
-52 -34 1.79797e-06
-52 -33 2.24115e-07
-52 -32 2.18631e-06
-52 -31 1.03438e-08
-52 -30 2.68608e-06
-52 -29 2.76186e-07
-52 -28 3.32219e-06
-52 -27 6.46261e-07
-52 -26 4.12187e-06
-52 -25 1.10625e-06
-52 -24 5.11398e-06
-52 -23 1.65407e-06
-52 -22 6.3287e-06
-52 -21 2.27336e-06
-52 -20 7.79836e-06
-52 -19 2.9252e-06
-52 -18 9.56141e-06
-52 -17 3.53534e-06
-52 -16 1.16732e-05
-52 -15 3.97258e-06
-52 -14 1.42325e-05
-52 -13 4.00626e-06
-52 -12 1.74441e-05
-52 -11 3.2087e-06
-52 -10 2.17796e-05
-52 -9 6.93049e-07
-52 -8 2.84459e-05
-52 -7 5.73649e-06
-52 -6 4.10715e-05
-52 -5 2.32018e-05
-52 -4 7.3591e-05
-52 -3 9.91085e-05
-52 -2 3.66481e-05
-52 -1 0.00327763
-52 0 0.0121368
-52 1 0.00327763
-52 2 3.66481e-05
-52 3 9.91085e-05
-52 4 7.3591e-05
-52 5 2.32018e-05
-52 6 4.10715e-05
-52 7 5.73649e-06
-52 8 2.84459e-05
-52 9 6.93049e-07
-52 10 2.17796e-05
-52 11 3.2087e-06
-52 12 1.74441e-05
-52 13 4.00626e-06
-52 14 1.42325e-05
-52 15 3.97258e-06
-52 16 1.16732e-05
-52 17 3.53534e-06
-52 18 9.56141e-06
-52 19 2.9252e-06
-52 20 7.79836e-06
-52 21 2.27336e-06
-52 22 6.3287e-06
-52 23 1.65407e-06
-52 24 5.11398e-06
-52 25 1.10625e-06
-52 26 4.12187e-06
-52 27 6.46261e-07
-52 28 3.32219e-06
-52 29 2.76186e-07
-52 30 2.68608e-06
-52 31 1.03438e-08
-52 32 2.18631e-06
-52 33 2.24115e-07
-52 34 1.79797e-06
-52 35 3.77571e-07
-52 36 1.49901e-06
-52 37 4.83047e-07
-52 38 1.27054e-06
-52 39 5.51739e-07
-52 40 1.09683e-06
-52 41 5.93215e-07
-52 42 9.65133e-07
-52 43 6.15283e-07
-52 44 8.65361e-07
-52 45 6.24076e-07
-52 46 7.89705e-07
-52 47 6.24259e-07
-52 48 7.32224e-07
-52 49 6.19274e-07
-52 50 6.88478e-07
-52 51 6.11596e-07
-52 52 6.55196e-07
-52 53 6.02957e-07
-52 54 6.30004e-07
-52 55 5.94539e-07
-52 56 6.11206e-07
-52 57 5.87127e-07
-52 58 5.97611e-07
-52 59 5.81227e-07
-52 60 5.88409e-07
-52 61 5.77148e-07
-52 62 5.83079e-07
-52 63 5.75069e-07

-51 -64 5.83197e-07
-51 -63 5.9152e-07
-51 -62 5.84184e-07
-51 -61 5.95241e-07
-51 -60 5.8709e-07
-51 -59 6.02904e-07
-51 -58 5.91739e-07
-51 -57 6.14986e-07
-51 -56 5.97796e-07
-51 -55 6.3227e-07
-51 -54 6.04706e-07
-51 -53 6.55946e-07
-51 -52 6.11596e-07
-51 -51 6.87744e-07
-51 -50 6.17137e-07
-51 -49 7.30131e-07
-51 -48 6.19362e-07
-51 -47 7.86552e-07
-51 -46 6.15425e-07
-51 -45 8.61766e-07
-51 -44 6.01308e-07
-51 -43 9.62233e-07
-51 -42 5.71474e-07
-51 -41 1.09659e-06
-51 -40 5.18487e-07
-51 -39 1.27617e-06
-51 -38 4.32648e-07
-51 -37 1.51553e-06
-51 -36 3.01704e-07
-51 -35 1.83298e-06
-51 -34 1.10754e-07
-51 -33 2.25086e-06
-51 -32 1.57502e-07
-51 -31 2.79571e-06
-51 -30 5.21957e-07
-51 -29 3.49793e-06
-51 -28 1.00149e-06
-51 -27 4.39108e-06
-51 -26 1.61229e-06
-51 -25 5.51065e-06
-51 -24 2.36374e-06
-51 -23 6.89265e-06
-51 -22 3.25256e-06
-51 -21 8.57269e-06
-51 -20 4.25461e-06
-51 -19 1.05868e-05
-51 -18 5.31325e-06
-51 -17 1.2977e-05
-51 -16 6.32153e-06
-51 -15 1.58074e-05
-51 -14 7.09108e-06
-51 -13 1.92049e-05
-51 -12 7.28766e-06
-51 -11 2.34601e-05
-51 -10 6.27265e-06
-51 -9 2.9301e-05
-51 -8 2.63777e-06
-51 -7 3.87695e-05
-51 -6 7.4921e-06
-51 -5 5.89128e-05
-51 -4 3.84477e-05
-51 -3 0.000137714
-51 -2 3.71117e-07
-51 -1 0.00336689
-51 0 0.012365
-51 1 0.00336689
-51 2 3.71117e-07
-51 3 0.000137714
-51 4 3.84477e-05
-51 5 5.89128e-05
-51 6 7.4921e-06
-51 7 3.87695e-05
-51 8 2.63777e-06
-51 9 2.9301e-05
-51 10 6.27265e-06
-51 11 2.34601e-05
-51 12 7.28766e-06
-51 13 1.92049e-05
-51 14 7.09108e-06
-51 15 1.58074e-05
-51 16 6.32153e-06
-51 17 1.2977e-05
-51 18 5.31325e-06
-51 19 1.05868e-05
-51 20 4.25461e-06
-51 21 8.57269e-06
-51 22 3.25256e-06
-51 23 6.89265e-06
-51 24 2.36374e-06
-51 25 5.51065e-06
-51 26 1.61229e-06
-51 27 4.39108e-06
-51 28 1.00149e-06
-51 29 3.49793e-06
-51 30 5.21957e-07
-51 31 2.79571e-06
-51 32 1.57502e-07
-51 33 2.25086e-06
-51 34 1.10754e-07
-51 35 1.83298e-06
-51 36 3.01704e-07
-51 37 1.51553e-06
-51 38 4.32648e-07
-51 39 1.27617e-06
-51 40 5.18487e-07
-51 41 1.09659e-06
-51 42 5.71474e-07
-51 43 9.62233e-07
-51 44 6.01308e-07
-51 45 8.61766e-07
-51 46 6.15425e-07
-51 47 7.86552e-07
-51 48 6.19362e-07
-51 49 7.30131e-07
-51 50 6.17137e-07
-51 51 6.87744e-07
-51 52 6.11596e-07
-51 53 6.55946e-07
-51 54 6.04706e-07
-51 55 6.3227e-07
-51 56 5.97796e-07
-51 57 6.14986e-07
-51 58 5.91739e-07
-51 59 6.02904e-07
-51 60 5.8709e-07
-51 61 5.95241e-07
-51 62 5.84184e-07
-51 63 5.9152e-07

-50 -64 6.01856e-07
-50 -63 5.92627e-07
-50 -62 6.03823e-07
-50 -61 5.94438e-07
-50 -60 6.09854e-07
-50 -59 5.97907e-07
-50 -58 6.20361e-07
-50 -57 6.02694e-07
-50 -56 6.36087e-07
-50 -55 6.08209e-07
-50 -54 6.58208e-07
-50 -53 6.13509e-07
-50 -52 6.88478e-07
-50 -51 6.17137e-07
-50 -50 7.29438e-07
-50 -49 6.16913e-07
-50 -48 7.84705e-07
-50 -47 6.09643e-07
-50 -46 8.5934e-07
-50 -45 5.90757e-07
-50 -44 9.60333e-07
-50 -43 5.53852e-07
-50 -42 1.09717e-06
-50 -41 4.90173e-07
-50 -40 1.28253e-06
-50 -39 3.88055e-07
-50 -38 1.53296e-06
-50 -37 2.32385e-07
-50 -36 1.86965e-06
-50 -35 4.21965e-09
-50 -34 2.31902e-06
-50 -33 3.19291e-07
-50 -32 2.91298e-06
-50 -31 7.64422e-07
-50 -30 3.68892e-06
-50 -29 1.35954e-06
-50 -28 4.68882e-06
-50 -27 2.13258e-06
-50 -26 5.95778e-06
-50 -25 3.10686e-06
-50 -24 7.54168e-06
-50 -23 4.29506e-06
-50 -22 9.48464e-06
-50 -21 5.69062e-06
-50 -20 1.1827e-05
-50 -19 7.25612e-06
-50 -18 1.46063e-05
-50 -17 8.90701e-06
-50 -16 1.78656e-05
-50 -15 1.04865e-05
-50 -14 2.16781e-05
-50 -13 1.17201e-05
-50 -12 2.62115e-05
-50 -11 1.21149e-05
-50 -10 3.18952e-05
-50 -9 1.06912e-05
-50 -8 3.99079e-05
-50 -7 5.10978e-06
-50 -6 5.39252e-05
-50 -5 1.20577e-05
-50 -4 8.82726e-05
-50 -3 8.98408e-05
-50 -2 5.06144e-05
-50 -1 0.00337273
-50 0 0.0125239
-50 1 0.00337273
-50 2 5.06144e-05
-50 3 8.98408e-05
-50 4 8.82726e-05
-50 5 1.20577e-05
-50 6 5.39252e-05
-50 7 5.10978e-06
-50 8 3.99079e-05
-50 9 1.06912e-05
-50 10 3.18952e-05
-50 11 1.21149e-05
-50 12 2.62115e-05
-50 13 1.17201e-05
-50 14 2.16781e-05
-50 15 1.04865e-05
-50 16 1.78656e-05
-50 17 8.90701e-06
-50 18 1.46063e-05
-50 19 7.25612e-06
-50 20 1.1827e-05
-50 21 5.69062e-06
-50 22 9.48464e-06
-50 23 4.29506e-06
-50 24 7.54168e-06
-50 25 3.10686e-06
-50 26 5.95778e-06
-50 27 2.13258e-06
-50 28 4.68882e-06
-50 29 1.35954e-06
-50 30 3.68892e-06
-50 31 7.64422e-07
-50 32 2.91298e-06
-50 33 3.19291e-07
-50 34 2.31902e-06
-50 35 4.21965e-09
-50 36 1.86965e-06
-50 37 2.32385e-07
-50 38 1.53296e-06
-50 39 3.88055e-07
-50 40 1.28253e-06
-50 41 4.90173e-07
-50 42 1.09717e-06
-50 43 5.53852e-07
-50 44 9.60333e-07
-50 45 5.90757e-07
-50 46 8.5934e-07
-50 47 6.09643e-07
-50 48 7.84705e-07
-50 49 6.16913e-07
-50 50 7.29438e-07
-50 51 6.17137e-07
-50 52 6.88478e-07
-50 53 6.13509e-07
-50 54 6.58208e-07
-50 55 6.08209e-07
-50 56 6.36087e-07
-50 57 6.02694e-07
-50 58 6.20361e-07
-50 59 5.97907e-07
-50 60 6.09854e-07
-50 61 5.94438e-07
-50 62 6.03823e-07
-50 63 5.92627e-07

-49 -64 6.02441e-07
-49 -63 6.14325e-07
-49 -62 6.03266e-07
-49 -61 6.18583e-07
-49 -60 6.05641e-07
-49 -59 6.27419e-07
-49 -58 6.09246e-07
-49 -57 6.41518e-07
-49 -56 6.13478e-07
-49 -55 6.62023e-07
-49 -54 6.1734e-07
-49 -53 6.90693e-07
-49 -52 6.19274e-07
-49 -51 7.30131e-07
-49 -50 6.16913e-07
-49 -49 7.84096e-07
-49 -48 6.06748e-07
-49 -47 8.57941e-07
-49 -46 5.83688e-07
-49 -45 9.59168e-07
-49 -44 5.40493e-07
-49 -43 1.09813e-06
-49 -42 4.67098e-07
-49 -41 1.28886e-06
-49 -40 3.49827e-07
-49 -39 1.55007e-06
-49 -38 1.70576e-07
-49 -37 1.90611e-06
-49 -36 9.3943e-08
-49 -35 2.38795e-06
-49 -34 4.72696e-07
-49 -33 3.03386e-06
-49 -32 1.00031e-06
-49 -31 3.88959e-06
-49 -30 1.71615e-06
-49 -29 5.00785e-06
-49 -28 2.66214e-06
-49 -27 6.44655e-06
-49 -26 3.87864e-06
-49 -25 8.26598e-06
-49 -24 5.39814e-06
-49 -23 1.05247e-05
-49 -22 7.23612e-06
-49 -21 1.32751e-05
-49 -20 9.37857e-06
-49 -19 1.65599e-05
-49 -18 1.17656e-05
-49 -17 2.04134e-05
-49 -16 1.42685e-05
-49 -15 2.48747e-05
-49 -14 1.66542e-05
-49 -13 3.00264e-05
-49 -12 1.8517e-05
-49 -11 3.60996e-05
-49 -10 1.91162e-05
-49 -9 4.37607e-05
-49 -8 1.68987e-05
-49 -7 5.50256e-05
-49 -6 7.74969e-06
-49 -5 7.7093e-05
-49 -4 2.32708e-05
-49 -3 0.000159569
-49 -2 1.757e-05
-49 -1 0.00350454
-49 0 0.0128244
-49 1 0.00350454
-49 2 1.757e-05
-49 3 0.000159569
-49 4 2.32708e-05
-49 5 7.7093e-05
-49 6 7.74969e-06
-49 7 5.50256e-05
-49 8 1.68987e-05
-49 9 4.37607e-05
-49 10 1.91162e-05
-49 11 3.60996e-05
-49 12 1.8517e-05
-49 13 3.00264e-05
-49 14 1.66542e-05
-49 15 2.48747e-05
-49 16 1.42685e-05
-49 17 2.04134e-05
-49 18 1.17656e-05
-49 19 1.65599e-05
-49 20 9.37857e-06
-49 21 1.32751e-05
-49 22 7.23612e-06
-49 23 1.05247e-05
-49 24 5.39814e-06
-49 25 8.26598e-06
-49 26 3.87864e-06
-49 27 6.44655e-06
-49 28 2.66214e-06
-49 29 5.00785e-06
-49 30 1.71615e-06
-49 31 3.88959e-06
-49 32 1.00031e-06
-49 33 3.03386e-06
-49 34 4.72696e-07
-49 35 2.38795e-06
-49 36 9.3943e-08
-49 37 1.90611e-06
-49 38 1.70576e-07
-49 39 1.55007e-06
-49 40 3.49827e-07
-49 41 1.28886e-06
-49 42 4.67098e-07
-49 43 1.09813e-06
-49 44 5.40493e-07
-49 45 9.59168e-07
-49 46 5.83688e-07
-49 47 8.57941e-07
-49 48 6.06748e-07
-49 49 7.84096e-07
-49 50 6.16913e-07
-49 51 7.30131e-07
-49 52 6.19274e-07
-49 53 6.90693e-07
-49 54 6.1734e-07
-49 55 6.62023e-07
-49 56 6.13478e-07
-49 57 6.41518e-07
-49 58 6.09246e-07
-49 59 6.27419e-07
-49 60 6.05641e-07
-49 61 6.18583e-07
-49 62 6.03266e-07
-49 63 6.14325e-07

-48 -64 6.2698e-07
-48 -63 6.13548e-07
-48 -62 6.2926e-07
-48 -61 6.14944e-07
-48 -60 6.36286e-07
-48 -59 6.17465e-07
-48 -58 6.48656e-07
-48 -57 6.20524e-07
-48 -56 6.67458e-07
-48 -55 6.23098e-07
-48 -54 6.94436e-07
-48 -53 6.2355e-07
-48 -52 7.32224e-07
-48 -51 6.19362e-07
-48 -50 7.84705e-07
-48 -49 6.06748e-07
-48 -48 8.57485e-07
-48 -47 5.80142e-07
-48 -46 9.58546e-07
-48 -45 5.31516e-07
-48 -44 1.09908e-06
-48 -43 4.49529e-07
-48 -42 1.29451e-06
-48 -41 3.18498e-07
-48 -40 1.56575e-06
-48 -39 1.17243e-07
-48 -38 1.94054e-06
-48 -37 1.82104e-07
-48 -36 2.45485e-06
